33 53 -51 51 -13 -22 0 -11 -42 36 30 26 -26 7 -18 -43 31 -24 -16 50 33 15 46 49 55 14 -43 40 -13 -23 -21 -55 -45 -50 18 4 -23 -51 28 -55 36 50 -37 49 -9 -49 53 24 -23 19 -29 25 22 -10 -32 -48 -46 47 -33 17 -20 -21 19 5 -3 22 -10 -57 40 41 -11 -57 19 9 -11 -44 29 -16 43 -37 -43 50 -33 -35 33 19 -7 -55 13 43 21 -3 2 3 -28 31 38 -21 10 -56 49 -40 -37 17 -36 19 -17 -28 37 -19 57 -52 3 -49 23 6 -47 -50 56 57 23 -51 3 -5 -55 -53 -33 -11
0 -70 13 54 18 3 15 -4 17 20 -68 -22 52 54 -40 -32 20 -34 29 55 -51 34 -5 -36 -48 -16 42 11 -24 50 -28 -11 59 14 6 26 -34 -26 11 72 27 -47 -50 39 20 -18 -31 -58 -39 -21 6 -34 -21 7 58 -42 -27 -61 -25 0 -44 35 51 37 29 15 49 -50 -56 16 -10 22 -33 32 -43 36 -51 34 -31 38 -28 24 35 33 -51 61 -9 -56 -26 4 19 -47 -71 -30 -23 -9 24 39 -38 67 40 8 12 30 -2 -28 -27 47 44 33 42 21 -36 3 41 18 0 -43 25 63 -42 -76 5 43 -51 32 42 -56
40 -57 50 -51 -50 54 -7 -22 25 19 -55 -43 34 37 -55 -55 3 -22 33 16 -55 -17 -22 -33 -41 -53 -10 -36 -30 -32 54 -50 25 8 49 -39 -4 35 -56 33 -2 -49 -40 -9 24 -9 -53 -9 -49 -48 -57 -51 -57 36 19 49 22 -30 8 -26 -13 -5 29 41 35 19 33 -37 27 15 -21 55 6 -36 47 -4 11 -21 43 -40 -51 21 18 -55 28 -20 -25 -58 15 -42 42 4 -61 -32 13 -30 -52 46 52 4 61 53 -1 44 17 -45 -42 -45 52 50 22 -49 -50 17 20 -1 55 6 -36 -26 -14 51 6 23 -6 6 18 -23
33 -57 47 3 -33 18 -19 47 -25 -43 12 3 -11 56 -44 -25 -19 48 32 35 14 -36 17 -37 57 -23 50 4 39 3 54 34 -42 -33 -23 -40 33 38 -53 46 29 56 -29 -44 44 -19 -14 55 42 32 31 28 -52 24 -21 43 57 11 -22 4 -39 -55 -41 17 -28 22 30 22 -51 -20 -53 0 14 11 6 5 -27 38 -27 55 30 33 -38 32 8 8 -32 15 -54 -3 5 -11 21 4 39 25 3 -10 12 -33 -48 -25 -5 42 -37 -15 -32 50 -32 -44 17 -1 4 1 -22 -52 9 -38 -44 -34 18 36 -11 -33 -29 -7 37 -5
-41 -21 11 4 0 43 19 -31 -42 -14 15 20 -17 32 30 -30 -15 -8 -29 51 -8 47 -10 -2 -31 -45 -36 25 26 -28 -37 -14 -29 -19 3 -5 -22 22 -15 25 -47 9 -4 -4 -57 54 3 -45 -46 -41 33 0 33 -24 42 -5 -20 -28 17 11 21 -42 18 47 -23 37 46 -50 -48 -24 -22 22 8 -25 -45 -31 37 0 -28 -20 -57 -21 -1 4 -16 -42 33 -53 -10 38 2 -8 15 -17 -51 -41 23 -19 14 37 29 5 11 -11 -31 3 14 35 -15 6 -42 -14 -32 29 -51 -26 -53 -3 9 -39 -7 -45 50 4 42 -26 41 11
52 8 -21 -26 8 56 4 -35 -26 -32 35 -2 47 -38 -28 24 53 -20 -50 22 36 -39 11 20 -12 37 -36 -18 0 -37 -25 4 -6 25 34 -33 49 25 -10 -15 44 26 27 41 29 31 34 12 -45 13 26 -1 -15 19 -1 4 -18 15 56 -26 -48 -41 31 22 3 -45 13 10 -4 44 53 -42 -28 45 -46 26 -25 21 -43 33 47 42 -43 -33 -50 7 36 43 -16 -42 47 -19 -31 15 46 -43 -4 71 -10 45 3 13 -20 -10 -41 28 -4 -3 -11 40 20 -44 40 -58 -26 42 72 -7 29 24 -18 -56 -1 -54 -20 22 0 -35
-29 -19 16 21 -41 -41 38 48 47 -46 -40 39 -46 0 -18 -18 3 46 -41 -21 -18 16 -14 32 20 -34 48 1 46 -23 -13 -46 -14 11 -35 12 -13 -28 -22 29 24 11 -9 -30 -11 -12 54 -57 -55 -30 39 -38 -26 -42 4 20 -56 -8 5 -49 26 27 -16 37 -27 2 -29 25 1 9 38 -37 -36 13 46 -10 9 -37 -33 33 51 27 -50 -1 -34 13 9 35 -34 -50 -34 30 -58 -37 27 -25 -3 1 -23 -54 -1 -15 -56 24 22 28 -5 -57 -47 48 46 -5 -53 -18 12 31 51 30 0 46 -29 -1 -26 56 56 -45 -6 27
19 6 -5 12 28 -31 -45 50 -35 0 -55 19 22 -28 3 24 -21 -13 -35 -1 -48 -6 46 -43 -45 0 42 57 37 -17 -34 47 -38 1 36 -44 -35 -11 21 49 10 31 -53 19 -33 -1 33 -18 6 -48 -36 -9 -58 -27 -30 -26 48 -15 1 -38 -49 53 17 -23 -41 -37 24 21 38 -26 30 -3 -55 17 33 18 42 -50 -51 23 -9 1 34 1 -24 2 5 8 -27 21 33 -14 1 5 -27 -45 41 51 -7 -16 -34 -34 41 -31 -43 -1 47 32 56 -48 15 41 30 -10 -30 -8 -19 39 -19 62 -41 24 37 2 -31 29 4 41
50 3 -13 53 15 -48 -41 51 21 -41 -13 43 -51 26 22 31 6 53 37 -52 12 47 46 18 -43 12 -8 47 57 -26 -15 -38 -32 36 -4 -2 -50 6 -14 -11 42 -42 43 21 5 42 -28 37 2 10 3 0 -1 41 -6 21 -52 2 59 -47 7 57 1 15 -10 -26 -38 39 2 45 -32 37 -49 1 57 12 31 48 -10 -34 38 54 24 -54 10 32 -31 -8 -39 25 -9 -7 -56 -6 37 32 -21 39 -42 -35 -6 -23 26 25 56 -13 8 55 -21 -35 30 -3 -1 45 -7 1 46 -24 -40 -49 -2 40 1 23 -14 7 45 1
-28 -47 6 5 18 -36 38 26 35 55 36 50 -5 -39 -8 -11 -27 41 8 -38 -40 52 -2 -45 0 26 40 26 -42 -1 45 -21 -4 31 60 -47 27 22 33 22 48 -26 14 23 -49 -46 0 18 -6 -2 46 -39 -10 -54 -11 14 -4 0 14 21 12 -22 -7 38 -14 -38 -25 32 -23 33 48 -49 6 -25 -22 49 20 -1 3 3 12 -58 38 31 7 11 29 -45 53 42 53 -7 1 3 -51 50 -55 25 -43 -7 5 7 48 -38 6 -12 22 15 -35 -2 11 48 -28 -46 -13 14 62 -13 -19 9 -47 47 -31 -7 -2 59 15 -28
34 34 25 3 -47 -33 36 10 -22 39 -2 62 -59 -25 0 15 51 -35 7 31 39 0 -27 3 51 -33 15 -12 22 24 -18 26 -16 -57 -31 39 16 41 18 19 30 42 -37 -9 -35 -34 20 -59 -47 -53 18 -56 -57 8 -44 10 7 24 40 -41 -31 -26 55 37 27 37 50 -19 -2 -37 -10 -31 -1 -16 -57 29 39 51 18 -6 51 26 15 38 3 53 -25 50 -47 -41 2 -13 -29 46 -47 -24 2 40 17 53 5 31 42 -22 17 1 44 38 -11 -54 -23 -15 43 -12 33 53 6 -31 39 56 14 -16 -46 -52 23 -11 43 -52
47 -52 56 -30 -40 34 -57 -29 -53 51 -34 38 2 -31 -34 -57 -7 16 -42 -2 -6 -52 -43 -28 -38 1 -21 -47 28 10 1 -55 2 8 -25 -3 25 -33 -29 42 37 5 32 3 -52 -37 0 21 33 40 34 -52 -16 -22 22 -28 52 -24 32 -5 -18 -36 -14 5 -37 -57 14 -56 50 43 33 -40 -59 -29 -37 -44 -19 4 -6 55 21 22 -12 -51 16 -26 -5 -43 -45 39 -32 -53 2 -42 -43 -44 -13 -21 -36 16 19 -17 -25 0 -2 0 -58 33 -9 38 -9 2 -52 40 -54 -33 24 -47 -15 22 -23 -46 -32 -48 -2 34 43 -6
-17 -40 55 34 45 -45 9 -10 -51 -22 29 -45 -23 -46 -36 32 44 29 -34 -12 -19 -13 39 -42 38 43 -3 -39 -49 47 36 0 -56 -8 4 41 -15 54 53 -49 41 5 25 -2 43 6 -7 47 1 -34 42 -18 -31 -24 39 -52 11 -48 18 9 4 -2 -50 -15 37 12 50 27 45 -26 -12 -22 -49 -30 -23 -34 39 -46 30 -28 1 -23 -21 23 4 59 -25 -37 -59 10 43 -15 -28 9 0 37 8 -26 -27 50 40 4 -23 -48 -16 28 -55 -35 27 -46 -2 12 29 -54 -15 7 17 14 12 20 -12 58 44 7 15 -39 34 8
-21 46 28 49 -2 -6 7 2 -38 1 45 -8 -57 -23 27 -47 -50 -57 9 56 45 -28 -24 -4 -8 35 53 38 -1 -32 -47 -23 16 -9 -51 53 -17 -24 6 1 61 -48 6 -23 13 -38 16 -38 -2 43 7 -13 24 -44 21 50 -4 -55 55 -20 16 15 -26 36 -15 -55 2 -35 -52 -24 50 54 -21 7 46 47 -24 15 -3 -12 28 -27 14 -47 33 39 33 -2 34 20 -31 -21 46 -40 -20 -56 16 -36 -31 15 -46 19 -37 -28 -55 28 -18 -51 -42 -55 43 -19 -51 -51 -56 54 19 -56 32 0 52 -50 -2 -24 -36 -50 -15 44
-13 33 -5 36 -9 9 39 49 54 16 42 -42 -48 -19 57 55 -14 -16 -8 -41 -18 -36 10 -56 16 -52 2 11 -50 55 -35 -2 -57 -56 -51 9 -2 19 19 -55 -4 -57 10 10 -31 18 -42 -37 -53 -15 -35 -9 -9 -48 48 8 29 -34 17 46 -20 48 53 -51 -15 -36 44 -26 8 -14 38 -4 -31 -27 -17 -50 15 24 50 36 35 51 -6 5 -19 22 26 56 48 0 11 7 6 -43 29 42 41 9 -7 -22 17 -19 15 31 2 -1 -48 -25 52 -49 50 38 -55 50 51 -25 44 47 -11 27 41 -24 6 55 -38 -19 -10 -40
33 -11 35 -42 -36 11 39 -52 -21 -44 0 -33 -53 -57 3 -40 -43 35 -36 41 9 27 -42 35 51 36 -24 -27 2 46 -12 -21 -21 49 56 39 -37 -9 26 -49 33 4 19 -13 -53 13 40 6 53 -47 54 41 -8 -38 37 -11 50 57 -15 29 35 32 -44 -29 -38 -29 10 50 3 -50 53 32 -39 -41 -20 -51 20 27 18 33 -27 9 15 34 -19 -31 17 15 16 -9 -44 25 23 -53 -24 33 -44 -20 4 -36 -27 -2 12 41 38 8 35 -11 57 16 -19 4 -2 -24 -47 -44 22 -10 53 -42 -1 0 21 28 -47 -30 31 1
42 11 -23 10 -54 12 -52 -30 38 54 -18 35 33 7 24 43 -24 32 40 -53 -24 46 -52 -16 -1 -51 57 -13 28 3 -4 19 52 -40 2 22 26 13 3 55 -20 -40 -20 15 -8 -56 4 -8 -21 -6 -33 -13 43 -18 42 49 7 49 -28 32 -41 -41 31 29 7 43 -23 13 1 43 45 7 -19 -5 36 -21 0 -54 15 16 -44 -38 53 -55 -37 -1 -56 45 -16 -25 -5 37 -8 -33 38 26 16 -18 35 -37 42 -53 55 33 -7 18 50 39 2 46 -21 34 -14 0 46 0 38 8 -24 21 -2 18 51 55 18 34 -35 -3
-49 -18 -57 12 -27 -27 -57 9 -29 -8 2 56 -34 15 -55 -31 26 -53 -39 46 16 9 23 48 37 16 -57 21 25 -40 14 -20 42 8 54 5 21 47 -11 57 -2 24 -38 -32 12 -28 33 43 -53 -47 -32 11 -51 48 45 30 -50 36 52 38 -38 -54 -8 26 6 28 34 -40 -3 28 0 47 57 -34 -30 -35 -56 -23 -6 -31 25 34 9 7 -48 39 28 -45 -13 54 -13 54 34 40 57 35 -25 -26 -55 40 16 -16 -35 42 33 16 -36 7 52 1 -16 5 3 47 18 -35 -3 15 -38 -48 -36 -31 -27 35 53 32 17 -28
17 55 17 25 -35 -54 55 48 -25 33 48 -36 50 -38 -50 -1 50 49 -21 10 -47 -16 26 -43 -13 42 -59 29 32 45 35 -44 40 -28 -7 1 46 -1 -46 -46 44 14 42 -16 -55 24 -42 -58 17 3 48 -27 -14 -51 -11 -13 34 -8 -34 31 -38 -7 -13 -5 -38 50 -52 -13 36 -8 36 13 -32 -44 -20 -33 20 32 -48 39 -23 -39 3 -16 -37 -42 -40 7 -41 -52 27 14 53 -48 45 -53 -33 -26 17 -19 -53 -45 6 13 25 21 -2 -41 44 30 -19 11 44 -2 -13 24 8 24 -4 30 -10 37 39 47 41 -28 33 -15
45 -5 36 19 -36 -35 -58 7 48 -42 -12 -21 -65 16 -22 -48 26 20 30 -26 -55 -16 45 50 -20 -53 -32 -31 -52 -50 22 -48 -16 -6 16 -53 8 37 -18 49 35 57 15 4 -54 17 8 -66 14 -22 -1 51 44 -33 -54 -24 -43 -22 40 -57 -23 -41 21 -20 36 -1 -52 15 37 -27 20 48 -17 -32 4 13 -10 13 5 56 -29 28 -20 52 -41 27 -10 -24 30 16 -40 -17 41 48 2 23 39 44 17 1 9 -32 -20 41 14 -23 -17 12 -33 39 32 -5 -6 -27 37 39 -13 7 -15 -13 20 -32 10 -2 -23 58 11 -48
38 -4 52 -48 -55 -32 34 7 54 6 40 16 42 -19 4 9 -21 55 -46 -21 51 -13 -54 -41 -6 47 -33 -46 11 -10 -17 -32 -44 36 -29 1 -12 22 -54 -40 -28 -4 -17 32 -4 -6 -39 13 -17 -52 7 41 -52 -30 -31 18 -27 -11 -18 49 -30 -13 -50 32 -25 50 52 -53 -15 43 -32 47 25 8 53 1 23 34 44 48 -37 15 -7 3 1 50 47 -47 -45 17 31 11 -30 32 -16 3 41 35 0 -36 -3 47 -36 -52 13 47 -22 -15 56 32 -57 -5 5 -13 10 22 -54 -8 11 -8 -50 -27 10 -39 49 10 5 -4
17 29 -52 -12 34 -5 -9 46 -45 3 12 -43 27 -52 -36 32 -13 52 -29 23 55 -21 -29 4 46 47 12 38 -8 41 34 6 -25 17 -26 -26 36 56 3 9 37 -38 -15 -20 -10 -43 -22 35 -36 -16 -21 24 48 16 -47 29 53 -57 -28 35 -39 25 -38 25 -1 -21 -20 6 14 -19 11 -36 -33 -49 -10 -9 11 -53 -31 40 39 -39 53 -14 -47 14 -9 47 -23 49 47 -5 -1 -9 25 6 -13 -33 -10 11 8 20 49 11 -32 12 27 -34 22 22 35 -46 17 -37 -43 -39 45 54 22 -24 -29 12 18 53 47 5 14 -19
35 31 54 31 -18 -6 53 9 -4 -38 11 -48 13 -5 -1 -20 -34 55 -45 -26 27 -18 37 -25 -42 -4 9 -49 -41 17 -49 -54 26 -56 26 4 -41 53 -50 -41 -11 39 -18 -17 35 45 -8 -57 -56 15 10 -32 34 -37 49 -27 34 -54 30 35 49 -29 -38 -23 16 50 45 -20 -18 13 48 11 -50 50 0 -13 24 36 18 -26 51 -20 13 41 29 18 16 -41 16 34 17 2 31 -24 -18 -4 26 29 20 -9 10 -56 -19 -56 -54 15 -11 -38 -30 3 -46 21 16 20 -28 45 -38 44 48 31 -37 -5 -22 -25 6 -39 29 3
1 -6 8 -38 43 -42 8 11 50 35 -19 -29 -3 -55 -53 20 -10 -41 51 -6 50 35 4 -52 -53 44 28 -37 10 -23 36 -39 -52 33 37 -49 -3 -36 -50 38 -33 -3 -2 -11 -32 0 -26 15 -4 -52 50 56 34 44 -18 -8 -43 12 13 -25 31 2 -1 46 54 48 -56 -8 49 8 -6 23 -51 56 30 -39 -16 -55 -25 -54 -51 14 0 -32 48 41 28 -52 -47 22 14 -9 -34 42 -41 1 -17 18 39 -49 -50 -13 -46 25 -32 -40 -25 -15 -35 41 0 39 55 -14 -1 -27 -19 -12 8 16 -15 -39 -4 42 -3 31 17 53
41 43 -5 10 13 37 -31 -1 28 48 31 22 55 40 12 -37 50 -35 19 -33 -51 57 21 -5 5 -4 25 -45 -55 -44 -2 -9 57 -7 -53 3 -41 38 -14 39 55 16 -25 -55 -56 57 42 4 -13 15 -8 48 -52 -18 -42 21 -23 25 -29 -9 43 10 10 -19 -3 -33 -25 49 1 -37 9 -40 26 -6 -17 -27 -13 30 16 34 -45 28 -6 -38 34 23 49 46 -57 33 -55 51 40 8 -16 -52 -22 2 -16 -42 -32 43 50 3 30 -41 0 -14 55 -14 54 -23 40 55 -52 35 20 -16 -5 24 -44 -31 30 36 -20 -56 24 24
56 -33 -48 32 15 24 -48 23 -10 -15 9 44 -24 -3 12 32 22 7 52 24 -27 -30 -51 -21 -32 -19 46 51 -47 -9 6 57 44 33 10 31 -39 -21 -39 45 55 -14 -16 -15 29 -10 12 -3 26 -9 -29 33 -55 32 -43 -39 11 56 -22 49 -5 -1 -15 -7 -23 17 -13 50 37 18 -32 4 -13 -6 -20 -46 20 43 34 -37 25 -56 13 -3 -18 -44 24 57 53 41 4 2 48 -55 -45 24 56 -55 -6 0 8 -46 -28 -39 -20 -13 6 57 -55 -31 47 28 -16 -46 45 -25 -50 43 -34 -46 -5 -29 26 35 35 -10 48 -1
29 32 26 29 -38 -51 -35 25 -45 11 47 14 31 -21 -4 41 29 -31 -48 6 -44 -54 38 51 -11 -11 -42 8 -15 17 -21 -53 -22 53 -45 -4 -4 -55 9 47 47 13 -51 47 -27 -17 7 -46 36 -32 -35 -53 -30 -22 -8 -55 37 30 -27 -56 -39 13 17 11 1 23 -22 -32 -17 9 44 31 -39 24 -48 7 -53 -4 1 -16 -50 -13 49 50 11 34 34 -42 22 3 -27 -40 13 46 22 45 31 43 -15 -45 -47 -48 56 7 42 18 13 46 27 -3 -12 47 -50 25 50 -22 -47 35 -25 -46 11 -20 54 27 -15 29 -27 48
-48 32 -44 -13 -20 -35 -6 -7 14 35 11 -18 -30 -12 -2 16 -12 57 -7 -8 -13 -30 -35 -12 -29 -15 2 -44 6 -19 9 4 -22 32 -10 32 44 37 -32 6 54 -38 -42 53 4 25 52 -12 46 51 37 39 -49 18 -33 -32 48 27 -3 30 -53 1 10 -24 -35 18 -1 -30 -14 10 -6 -29 -18 -40 23 -17 37 32 29 14 57 3 -56 48 -57 56 -1 4 -35 -56 -17 57 -40 18 26 1 31 -1 17 16 39 -49 -47 56 -54 -20 11 42 30 -23 27 -24 37 17 -17 1 39 -3 40 -17 53 -35 -56 9 7 -43 -25 -26
0 -16 22 30 27 -43 -10 -20 -47 -27 -24 -27 -20 -27 17 -30 5 -37 29 14 -53 -36 31 -48 -39 8 32 32 46 -38 44 -11 -15 50 26 -7 -25 -9 -16 35 17 -42 -39 -13 12 7 -23 -15 8 8 -13 -6 44 -15 22 4 14 7 -3 43 -49 -15 62 -49 -33 47 1 -43 -37 45 36 -23 -4 33 -11 -62 5 34 -19 29 -17 4 -41 -54 -12 -3 -5 6 2 -14 21 -18 -38 49 41 24 -5 13 -13 9 18 5 53 -19 -47 -16 36 -53 -24 10 34 -19 -32 5 -5 -14 16 -43 57 33 -18 -56 -55 -52 41 -8 44 8
-8 21 4 -25 28 -51 19 -20 -49 28 -42 50 -34 -24 38 -14 -29 44 54 50 -17 23 -2 -22 28 -36 9 34 5 56 -11 -26 -39 -26 -10 -15 -18 57 38 -17 -46 -54 42 6 55 25 -28 -31 54 48 1 55 -57 -28 -17 -24 53 7 13 9 -42 -10 42 8 -35 10 20 24 3 9 56 55 -35 -19 49 39 -22 50 22 1 26 -12 -35 3 -57 34 57 -48 -7 -21 -44 -10 24 51 49 55 -39 -36 -35 -18 51 29 -1 43 -40 20 3 -46 33 41 -5 20 28 57 -49 30 54 -34 15 47 24 -4 53 -25 9 -27 12 8
30 -19 15 43 -11 54 39 -5 49 -46 -31 -39 -52 3 1 -32 -50 -57 -17 -35 9 50 26 47 -10 46 31 -41 -26 -46 19 7 12 -27 51 15 -42 9 -25 -30 2 58 12 30 -25 12 34 -52 -42 0 41 43 50 28 23 -19 -24 31 -57 -29 4 -33 22 -2 22 -39 -16 -50 3 -46 -34 19 32 12 3 -6 -5 53 -6 -56 -24 -5 -3 -2 -47 -29 -45 -54 9 57 44 20 -23 32 14 31 -44 0 24 -13 1 -23 -50 -12 15 1 -49 8 -21 39 -50 -19 44 4 -7 -50 -38 21 52 30 -50 -24 -52 42 -29 59 47 45
-37 -56 28 -16 -22 -43 -41 -18 23 -49 33 52 7 0 -6 22 -3 30 -55 -19 -24 40 18 21 26 3 56 11 -44 -27 46 31 -43 7 -18 7 -25 -49 -4 15 8 -51 -54 15 -8 -24 45 -23 50 -58 5 -15 -57 29 18 -31 -20 -43 33 28 7 27 7 -20 26 19 60 57 30 29 27 42 35 -26 -30 -40 -43 -19 13 -26 -3 -6 46 30 31 -36 8 24 -36 44 13 -3 -10 -6 -28 12 33 -34 -17 0 -14 -56 53 -23 37 46 -60 15 52 -37 29 33 -14 21 -54 43 -47 27 -49 57 -16 -57 -17 -51 51 -20 49 -16
49 32 8 -43 9 17 -30 -34 -11 20 -38 -23 14 -48 11 -50 22 38 53 -42 23 -7 -7 -30 40 -30 13 -52 27 -3 -16 -52 4 37 12 -27 -4 -36 -47 52 -14 -47 31 -20 14 -7 41 -13 -53 38 -32 -30 -29 24 45 17 -47 -37 -7 23 -15 -1 50 -56 16 -40 30 -51 -53 -53 -30 -4 -15 -6 -25 11 4 26 -32 -9 31 -52 2 -9 -34 -13 -14 46 22 3 9 -36 12 50 -38 10 -35 6 -2 -21 33 -42 -10 11 16 -42 -32 -21 44 -8 -59 51 -2 -22 23 19 -33 -15 1 25 48 -7 22 50 41 29 51 -14
-31 48 45 -1 47 -2 -46 -35 45 -48 41 19 -55 54 -9 -36 6 14 7 12 1 -4 31 -43 3 32 16 -52 -49 22 -36 -50 56 13 1 -13 43 1 -54 46 54 54 54 -5 -19 -9 -43 -56 -9 9 -15 -2 -44 57 33 42 25 -38 -44 -51 21 -50 32 26 -10 -36 -43 -4 -57 57 -9 -27 18 7 -38 -61 -28 -22 -41 27 -44 46 9 -55 5 52 -15 -26 28 60 55 -27 20 -30 -19 -16 -7 61 -8 23 51 5 38 -36 47 15 10 -29 40 39 43 -26 3 -4 -1 31 65 15 54 30 -3 1 50 -44 37 0 -32 33
51 -20 2 41 11 -29 9 3 7 -47 49 -21 18 -34 -20 51 54 27 -34 -14 0 54 49 7 6 -40 -29 54 -8 45 18 45 19 55 17 -5 31 54 -13 28 4 -51 -45 -14 28 33 -50 -17 33 -25 -33 -28 20 31 -26 19 -17 -5 13 -16 -38 -21 56 19 -43 -24 49 13 -1 23 -49 42 -9 -10 12 48 -13 -15 41 -29 15 -50 53 24 32 23 -47 -4 -16 -56 -4 -47 29 -51 -43 -50 32 15 35 -23 34 -45 45 39 35 -3 -27 21 13 8 -36 2 -48 -11 -11 -51 -55 -13 -12 23 -14 56 -2 18 -12 -54 29 6
13 -47 35 20 -50 5 -25 37 18 -50 -32 33 -9 -55 -62 4 -34 -5 24 -14 -23 -34 -47 6 -33 10 53 40 54 6 -34 -10 49 -40 11 -22 39 -5 36 32 -10 -49 -33 33 41 14 -43 -55 41 26 30 3 -44 -15 -38 42 -25 -52 44 -26 33 16 -15 -51 11 -47 27 21 5 43 -21 -57 8 -36 19 -7 36 26 -11 39 -13 -2 52 -56 53 -7 -31 50 -32 4 11 -36 -21 25 1 1 51 -36 43 5 57 -15 43 1 -25 -55 -26 10 -13 7 22 -55 -40 25 46 60 56 -53 -19 7 -42 -44 -56 24 45 32 26 -8
-42 48 -3 -15 46 -39 51 40 -27 31 22 -8 34 11 38 -37 46 -43 -37 -32 -46 -53 45 43 -15 -31 -25 -1 -15 -51 -16 9 34 -52 -47 8 -7 22 1 -17 3 -36 -32 -57 0 -53 -27 23 42 -5 -2 -9 2 -48 -8 -12 15 53 -48 31 -47 -8 -36 -24 4 45 -4 -3 -24 -58 17 42 -31 -7 -57 -23 -10 -18 29 -34 -27 -1 -23 -7 11 14 -47 -27 37 -54 -11 13 15 -8 1 -24 48 -28 -58 -11 -1 46 54 -37 -43 35 27 -29 -57 -29 -20 -39 -39 25 -47 17 -31 18 -33 33 -17 -43 -37 -12 -43 -16 -41 -7
35 44 -16 5 -38 -30 1 10 -16 54 -14 -34 55 32 51 47 -31 -30 -1 -54 -54 -8 -16 -5 -15 -14 13 -32 48 19 2 -35 -27 -35 51 -55 27 48 -24 44 5 -44 50 -15 -57 -17 35 -16 -28 6 -45 29 28 16 18 4 -53 -19 -3 8 -22 51 -11 49 -30 40 15 -30 37 23 -39 -52 29 41 -55 -9 -49 26 -42 0 49 29 -14 -50 57 56 -34 7 -37 -54 -43 17 -10 -2 0 46 40 37 44 -37 12 -16 -42 39 10 -52 -31 8 57 21 -20 -22 57 30 -6 24 10 -8 35 43 23 -2 -25 22 33 -45 -48 7
-56 29 17 36 46 1 3 -43 -6 32 21 -3 32 -47 -54 45 39 -1 -25 18 9 53 35 55 13 47 47 26 33 -39 -12 34 15 -27 11 45 14 46 -49 22 53 42 54 -29 -31 -19 21 -3 14 -27 -3 -53 -5 -37 -17 12 20 -24 -40 -60 28 44 -42 -26 -22 -48 54 -7 -46 27 -40 -11 9 31 -46 29 -8 -8 -2 20 -10 43 48 -19 41 29 36 -5 -4 39 19 38 45 67 32 -9 -37 0 -48 -28 -10 11 44 43 5 -60 -35 -13 -9 -58 -5 -10 -26 -48 49 45 -40 52 -42 34 -47 34 52 -18 -47 -35 61 -31
-54 -4 7 -12 -8 -38 -14 54 -7 -21 -63 18 -35 4 2 51 -56 47 -35 10 4 56 -35 -6 19 35 23 -53 3 54 -50 28 -34 5 21 -3 14 -34 21 -9 -48 33 -34 21 -55 44 51 3 -35 18 32 51 33 19 3 -53 13 -28 34 21 25 20 -48 6 -55 -56 -33 15 -57 -57 39 -36 -56 -23 -19 -38 -61 3 0 -2 38 -46 30 43 -52 62 -37 34 -55 28 -38 39 -51 -19 44 32 -42 -42 30 54 50 -40 53 -55 40 -55 -55 -44 -25 5 35 4 39 37 23 -35 -34 -31 3 48 13 12 -27 27 -28 -24 -1 -2
45 30 -51 27 -53 25 56 21 -22 -45 -33 7 -26 7 -7 32 46 18 -57 36 -53 0 53 -3 -22 -10 40 20 45 37 -36 -52 -5 49 7 -54 44 -39 43 23 -18 -46 23 -23 -26 9 47 7 57 41 24 27 -27 -29 9 43 -37 10 9 27 14 -47 -57 -38 47 9 3 36 10 -32 -56 45 -5 34 36 47 17 -19 3 -41 -47 -31 -1 -1 21 52 -27 -22 32 34 31 31 52 -56 -18 -19 -32 -30 0 13 -26 44 25 -48 -31 -19 -16 30 17 -20 40 9 -19 36 25 -52 42 -8 27 9 -3 -10 23 -36 -39 25 50 -33
51 -99 85 107 40 8 -53 64 5 37 -40 109 26 -14 -58 9 -9 37 44 49 -30 7 97 50 53 -25 123 40 -11 -34 35 0 -14 56 82 24 36 77 50 65 30 -96 10 90 32 48 118 48 4 -56 -54 23 57 -48 96 45 -61 20 35 16 -1 51 64 -42 -15 24 116 43 -121 -47 54 -41 -85 -45 20 -106 -41 108 -98 46 24 54 -31 -17 37 98 50 9 -11 95 14 -32 -83 116 -19 52 -6 125 -24 91 107 49 47 -14 -20 -127 1 45 49 54 19 -13 -97 -42 -101 57 48 35 80 98 48 -57 -32 -40 -47 115 89 2
-6 -1 3 54 22 48 -44 48 24 35 15 -27 35 -23 13 -2 39 23 -53 -27 -13 -13 46 -10 -14 -43 -35 -15 7 47 -39 47 47 -20 -9 -1 26 39 -54 -40 -50 42 12 -44 25 -56 -17 57 -40 -47 12 -22 1 50 -28 28 -39 -44 -55 -53 -46 25 -44 6 14 38 -43 7 19 -54 -30 -49 -24 -17 38 18 1 11 -54 57 -34 -7 19 -31 -51 48 57 -23 -14 -42 -29 18 3 27 42 55 -14 -4 19 9 7 6 -56 44 -31 7 46 -46 43 -56 35 -10 33 -19 -57 -23 54 2 -56 28 53 52 -3 33 6 41 -49 7
-38 -11 -12 25 -47 54 10 42 50 -24 -34 23 -7 -40 6 14 -36 7 22 41 -10 5 10 6 -39 -56 -13 -42 -8 15 -23 -34 1 -46 -14 14 -25 -55 -37 38 -55 -48 8 -10 -31 14 -8 39 21 34 -36 -39 17 -51 -44 -7 10 24 -17 -3 -31 43 -1 6 -31 -57 -56 25 -43 33 -26 51 21 -23 -4 -49 -1 10 31 37 -59 50 38 -20 41 -16 -49 37 -26 59 18 -18 -28 -42 2 24 -49 -48 27 -37 -52 25 22 -46 26 43 -16 26 -16 -10 -59 -38 48 57 55 -48 -30 -14 -9 19 -10 0 -35 3 -35 -3 -4 29
-49 38 -9 47 -16 21 -52 -25 41 -52 3 -34 -6 23 -23 5 19 18 53 35 -1 19 12 21 -22 -21 -14 -30 48 42 20 -55 -45 4 29 -43 -22 39 -29 45 38 -8 -20 17 -21 20 41 43 45 54 54 25 -29 11 -31 -43 -44 40 46 23 12 21 -16 25 52 -4 -42 7 42 28 57 -45 -52 -25 46 -51 55 25 -15 -22 44 -8 40 51 9 23 -3 18 -10 4 22 -29 -3 46 16 22 -16 12 33 -33 -29 -24 -19 17 -53 29 -37 33 -35 -2 -51 55 13 12 49 -34 15 21 -31 -38 31 46 5 -30 -19 -7 -11 -29
5 3 -21 58 -57 -40 41 7 -57 13 -65 1 -44 10 49 -34 -15 29 40 -54 -46 -42 59 34 3 -34 46 -32 34 -38 36 -26 3 -34 40 -17 55 -13 40 -48 -3 32 12 48 -39 -7 -43 11 24 38 37 -45 -12 32 -50 8 -18 27 47 -26 47 47 55 29 -17 20 -13 -1 -6 49 63 -32 52 24 19 -19 22 39 -34 -45 -3 -30 -35 40 -45 52 1 -13 -3 35 26 21 37 -41 18 -51 50 49 24 61 36 23 56 34 23 -60 5 46 -32 13 35 -25 -15 -28 10 -45 56 -30 -5 15 -37 -59 35 -8 10 -47 -12 39
-46 12 16 -2 -7 39 -8 49 16 44 -4 -14 47 2 -24 -20 8 2 24 -11 17 -37 28 -52 -32 -32 41 11 16 -42 -35 -30 36 -54 -1 42 -27 9 42 53 5 51 48 51 10 -55 32 33 6 13 -23 -16 -48 -28 34 -51 -13 -57 30 14 10 -38 46 -43 -51 -43 46 11 -47 -36 39 9 25 45 13 -7 -17 -31 -5 -17 -7 -1 -55 -16 46 45 49 6 -58 -11 -47 23 -54 -23 10 49 8 -27 51 -29 13 5 -52 -27 26 38 53 -41 -18 4 -36 27 -30 -52 27 21 -43 -39 -12 -39 -24 43 11 45 -55 35 -24 -10
-15 -27 38 -8 13 -33 34 -54 -38 -34 29 -10 -5 44 19 -49 10 -13 -58 -6 -36 -47 0 -45 -3 -26 -26 47 -16 27 -33 4 51 -25 60 -25 52 19 19 50 -41 -27 7 16 28 -18 55 -28 47 -44 -48 15 23 21 39 -26 15 -3 50 43 -12 12 8 -54 -43 9 52 -51 -23 -44 -22 -44 32 -34 -3 27 -48 35 -41 -18 -7 33 -25 -32 -23 43 52 -35 28 -12 -47 54 -20 -24 -46 8 54 38 -49 58 44 -31 1 -17 -21 -11 -24 0 2 -4 24 51 31 60 -19 28 10 -50 36 -1 20 -48 47 -53 -48 0 46 -31
31 -48 -3 -26 28 -33 -52 -48 44 -51 -19 42 -39 -15 -29 -55 -56 25 46 41 32 -23 13 55 -27 -44 -54 -13 31 -8 -2 -35 -9 -10 21 36 16 -28 33 32 -53 15 -36 9 -5 21 49 -41 40 53 19 -21 -44 5 -48 -38 -28 -12 -59 26 44 -12 -37 -22 -44 -56 33 -4 18 19 -9 29 -34 57 21 4 -4 -23 -41 -17 -18 -39 -22 21 -51 45 9 -21 -57 37 22 6 -55 53 30 -48 28 38 -7 -52 -12 24 -55 19 34 7 30 -34 -37 38 -24 -38 24 48 53 17 -39 45 -9 -13 37 -25 7 -50 -53 -44 -34 42
52 33 27 -48 -35 -40 -35 -32 -6 -46 39 60 -35 37 -29 -29 -41 -31 -29 -54 -24 -3 55 56 50 47 -20 -44 10 -55 41 -27 -33 41 28 -31 -34 50 -7 0 43 18 2 41 -55 34 43 43 -28 52 6 25 -29 0 50 11 11 48 39 -25 36 -14 -48 26 52 35 0 6 -24 0 -18 -25 52 22 39 48 51 17 -32 -45 -25 -32 -46 -57 -17 -26 42 1 -48 3 3 -8 49 40 55 -50 14 27 -32 -22 -7 54 20 40 20 -42 -21 -55 32 -2 -4 -6 -46 -44 -23 56 -4 -10 26 6 -29 -45 -22 -49 -45 -25 -37 -41
-46 -23 -7 56 -16 14 -59 51 29 -50 34 60 30 -51 -4 1 35 -48 -17 -38 4 -42 33 48 47 10 60 -31 35 57 6 -24 10 57 27 1 25 33 -21 28 -52 -51 -53 48 -37 -51 1 45 -52 -16 -39 33 -33 -3 17 -48 -57 49 15 11 -56 -46 -27 17 50 -7 37 -23 37 -31 51 -7 0 -25 0 51 -58 40 -19 7 -52 -13 39 -22 9 29 34 -8 18 53 4 -17 39 -43 -46 6 -57 -23 -23 62 -32 18 22 14 14 23 -37 18 -41 18 27 40 -19 -23 43 7 23 32 53 56 -50 56 -57 3 -51 -44 -35 -14
-18 -52 -25 -20 -26 -53 -11 9 37 9 -39 -10 -27 51 53 -41 51 3 26 57 -35 32 -39 -11 -24 -2 -20 -42 35 -22 -53 -30 -51 25 8 -16 -47 36 -41 57 49 -21 9 28 -25 53 -13 -10 -41 -4 -53 53 15 -2 -38 -28 8 39 -7 0 -30 16 21 -5 36 26 8 -15 25 18 51 18 8 -56 -18 22 -56 -17 53 -47 35 3 -47 -35 -13 3 -36 14 12 -53 -2 -52 31 -13 19 6 41 -19 43 43 -5 9 14 -35 16 30 53 -48 -11 29 48 1 3 4 -6 54 -23 39 -3 43 22 35 -55 -47 -49 27 50 43
28 -54 -43 3 -31 5 49 41 44 4 -29 19 29 -53 46 -55 14 -7 -47 -35 20 1 -6 9 26 -19 -3 34 -44 28 26 38 -6 -29 26 11 -14 31 51 -51 -51 -51 49 3 -5 -21 -37 -36 -46 -6 4 -22 46 -12 35 -27 18 -47 -4 -55 -19 -16 3 -16 -16 31 -29 36 18 2 -2 -20 -47 -30 -40 -15 -35 -1 -47 -28 -55 -17 9 -52 24 -15 -28 16 -14 -40 -22 30 -47 -43 1 -26 -52 -48 55 -2 -35 47 26 5 8 12 56 19 18 22 -23 19 -53 -56 46 -31 38 16 -15 6 24 0 -54 -52 5 -37 3 -36
41 42 -26 53 -10 7 -4 -25 27 -7 41 59 -45 -28 -47 -24 -31 33 -52 35 -9 -33 -12 8 -22 -7 -21 38 -42 -17 -47 20 -35 -38 22 32 -34 -55 26 -43 -49 -17 31 42 -34 -21 -21 -58 1 34 -26 12 34 22 -23 48 18 32 6 -45 15 21 6 -23 23 4 -5 -40 54 47 -9 -51 31 -29 -29 47 -37 26 41 -31 -58 -4 27 -56 -33 -37 48 19 -41 50 31 0 -12 10 -36 -6 -19 25 11 -9 -51 -49 -54 -53 -46 48 27 51 13 -41 33 -39 -46 33 42 -54 23 9 -49 -40 -38 -3 57 26 -42 -45 -12 -38
-3 -62 -20 3 -19 -25 18 -1 50 3 -48 -11 -29 -33 -18 -50 45 -42 0 -37 -30 -35 36 17 32 -34 44 -30 -41 -56 12 50 -14 -23 -23 -43 44 41 -52 50 43 10 -56 38 43 -16 19 -12 -12 -18 -17 51 48 -56 58 45 -59 8 -12 -49 31 25 25 -9 -51 38 48 -23 2 -22 -43 6 -48 31 35 -44 -36 -24 -55 -50 34 -33 -21 41 -37 58 28 -30 1 1 30 -24 27 52 31 -54 40 47 -27 -41 14 -52 -48 -10 -40 -30 -39 -3 2 33 29 -7 -50 -36 17 20 -23 26 -26 -12 -33 -47 -41 -17 0 -13 10 43
-6 56 31 -4 -19 56 -2 -26 3 -28 30 32 21 3 4 34 -25 -54 20 39 -35 4 42 15 -51 -16 -50 33 -41 -21 1 56 9 28 8 20 16 31 -31 54 40 -15 44 48 37 16 -14 -3 -41 37 -32 32 -44 54 56 54 28 38 -39 20 -52 32 -53 -35 -42 57 -26 40 -14 41 -30 0 -13 11 -33 -13 6 45 2 37 -12 -36 20 -46 -6 9 48 33 -53 22 -29 19 50 20 -25 -7 34 -36 -26 -46 9 28 -14 -23 25 8 -21 -50 10 38 -42 -48 -49 -44 31 23 44 24 -34 -3 17 -14 -51 -5 -31 42 -8 39
-38 58 -23 15 -48 55 29 37 -54 -31 52 12 -56 1 -14 35 8 -11 -11 41 -8 -17 -19 -44 -36 56 6 -55 -17 -12 24 49 8 -17 29 5 -4 -19 6 13 10 63 38 -33 -13 43 -24 -26 -33 -59 19 1 36 -34 15 -35 26 24 -39 54 -15 36 -13 26 -36 11 13 -50 58 15 -30 -2 50 -23 18 46 34 -19 34 -35 10 -14 -59 18 -4 -11 -25 27 45 -44 -23 58 39 44 13 15 -33 -7 48 -41 -5 20 -4 54 -24 20 -19 -47 -34 48 -36 51 57 45 -10 42 46 -56 3 15 7 -50 38 23 43 42 -50 -1
-52 31 -49 25 30 23 44 -11 -1 -6 38 -45 -22 19 18 -4 -20 44 25 -27 -14 22 -49 43 -48 -4 0 -38 0 6 -17 37 1 10 -4 -15 17 9 28 2 -18 -44 -6 3 21 35 20 27 -34 55 47 7 38 -40 47 8 -46 38 57 35 -34 -4 -22 4 -14 -28 26 -7 4 18 56 32 20 -6 31 -46 -48 -40 -6 5 55 29 7 -46 -42 -43 32 26 44 40 61 -60 48 39 22 9 -32 16 -34 25 -7 -19 59 52 43 -61 30 -8 35 42 -46 -31 12 -21 9 -17 57 5 12 4 -26 -51 -44 -45 -2 34 -52 28
-22 -53 -17 -7 36 22 46 44 14 -24 -61 14 -7 50 40 20 -54 55 6 -5 -37 12 -33 14 -57 -49 -3 -34 -28 10 -50 19 -40 -3 -7 36 34 15 -35 53 -23 -29 9 40 -8 18 54 -49 18 -20 21 54 43 -22 -47 46 -10 34 -36 -12 11 26 2 -34 -29 -44 -4 36 45 8 22 -20 8 -42 48 -2 49 18 -2 -6 22 23 -57 -32 -38 -14 -46 19 46 32 47 11 -23 42 15 -35 -41 5 -51 35 11 -53 -20 25 -43 -43 -24 51 8 18 -23 -54 19 52 -47 -49 -11 1 12 -39 -22 44 38 -52 -29 52 13 55
18 -22 41 -55 11 -14 -31 25 -30 43 -1 41 -40 29 15 -42 -22 -11 -38 -19 -17 29 23 20 2 -8 0 35 -23 34 -33 49 28 -36 -13 -30 -56 -34 46 55 9 52 4 -52 31 -2 -23 -6 -21 47 -49 5 -55 8 -47 -57 -15 -54 9 47 34 -3 27 25 5 -46 -21 -36 -31 -42 57 50 54 48 -33 -56 24 30 -22 -16 -56 11 51 -39 -17 -16 -12 48 5 -9 18 29 -23 -11 -37 -53 19 -1 -10 11 32 33 -21 53 -1 51 7 30 -25 35 -3 -43 -51 28 -35 -27 -7 11 12 -33 40 34 19 -26 -38 -40 41 52
29 -63 59 53 -51 21 -24 -1 50 44 40 12 27 10 11 20 -35 18 -27 -45 -50 13 50 -21 25 52 -13 31 22 16 -52 52 -49 -43 -35 2 4 -9 18 24 -13 29 -11 36 47 -55 50 42 25 0 19 3 54 31 43 6 42 -51 11 -4 -49 20 44 -54 46 -55 37 -51 -26 -34 -18 20 -54 -2 31 -38 -13 41 -58 51 -50 22 -29 34 -38 -2 -53 16 33 20 59 24 -3 16 18 7 -25 9 45 8 -23 31 -10 -21 -5 -54 -54 -31 -26 -26 -20 -26 3 22 35 -6 66 -48 26 -7 -31 -32 47 -48 35 -43 -30 35
-1 -15 27 33 -56 -31 -11 -4 30 -23 -14 7 -34 -32 -4 -41 17 -39 -3 -25 8 -11 24 -13 42 -3 -49 1 -30 23 -8 29 18 -42 -3 14 -3 9 26 7 15 55 -34 -48 44 17 22 -61 -17 -4 -56 28 -47 -50 37 14 41 -50 -56 -4 -36 -2 10 37 52 -14 -5 17 -4 17 10 6 -10 12 -25 -34 -52 -15 -10 14 39 -14 -10 -4 -20 49 -8 19 43 -45 27 39 -3 25 32 6 49 -7 -49 -5 -5 22 4 51 -34 15 41 23 34 -58 -53 -58 6 31 -35 16 60 10 9 61 -23 12 50 -8 54 58 9 28
-8 -3 3 0 -49 17 -50 3 -34 3 54 45 35 11 17 4 28 53 51 33 51 -36 12 51 -51 -53 -45 43 -20 -8 2 -43 -8 -32 56 23 -27 24 -40 25 -53 14 6 34 -24 -12 -12 23 -25 -53 54 -20 -50 40 43 -44 0 -43 -27 12 -13 1 27 28 -52 -27 -24 18 32 7 -32 8 56 49 -41 28 4 -45 57 40 -46 -3 20 -15 46 -33 52 42 35 10 -27 55 25 -31 -49 42 -17 -1 -54 20 5 -47 -54 -9 -40 42 30 57 -13 8 4 -2 -28 -46 36 25 36 -11 -23 12 -47 -16 32 2 -8 -24 48 -47
42 -5 -32 -24 -42 -24 3 -55 27 -21 25 -20 -35 9 -26 23 -54 5 -30 -17 1 48 5 43 -41 -37 4 43 43 36 27 -29 7 -33 6 33 32 46 -11 51 25 50 -13 47 29 -3 41 24 -20 54 -57 35 -17 2 13 -3 25 55 -16 -2 -44 -33 10 -7 13 1 48 -40 -19 38 35 35 37 -12 48 5 -28 -38 2 -30 -46 0 14 -20 -37 -52 37 -25 -21 -45 -52 8 -30 4 -5 48 -43 24 -5 20 51 17 -21 23 16 -5 38 30 4 -7 20 12 -34 -48 27 -39 2 15 -5 -14 -26 -40 7 18 -53 -12 -26 6
