41 25 -55 24 -48 9 -48 -26 -42 -22 -35 46 -54 -7 44 -60 13 -16 11 15 1 39 -25 -3 -13 -24 -30 -11 -21 23 -24 -43 -52 59 -52 21 13 -36 26 -37 7 35 -35 44 -49 -4 -47 -26 27 24 -18 -55 -58 28 21 -5 -13 2 16 16 8 -54 -58 -31 -42 -9 44 -27 22 2 -35 0 57 -49 -16 22 -57 -8 -18 -36 0 11 42 51 1 6 54 30 40 -58 7 4 -26 -4 47 53 -11 52 31 0 19 -51 -38 -29 -14 12 17 -13 16 45 -16 -36 -20 15 44 61 9 29 -8 -21 52 -28 -8 -2 -21 -9 5 50
-28 55 24 -22 -14 -17 28 15 -32 -34 -11 -65 -1 -37 24 -49 33 48 23 -11 -18 -19 -55 -83 28 -41 56 -25 1 28 14 -45 41 30 38 -11 45 24 13 22 -36 36 78 48 -23 -49 -51 53 -50 -42 -12 -15 -37 -33 -59 0 -47 0 5 -17 -7 44 3 -34 -40 55 57 38 -57 23 2 0 8 -29 -19 10 8 30 22 26 -12 -13 -58 55 -16 50 -40 9 -1 -8 -1 -30 -6 37 66 27 41 -9 -2 -32 -49 45 -14 13 -16 -41 -7 51 29 72 -26 -47 -52 -37 19 -75 -20 8 2 37 76 -38 18 42 9 39 -52 18
54 -19 16 -10 -23 -22 -49 -42 54 52 -21 -26 29 15 34 22 44 42 -63 -25 42 -29 -31 42 -24 34 13 -29 -15 60 -7 4 28 27 -10 35 -9 -29 20 21 37 39 -21 -20 42 54 6 -23 -53 -4 -10 -38 28 39 47 69 33 0 6 -4 -6 -46 17 30 41 -33 -23 33 -5 31 2 18 13 52 20 28 -21 55 -49 -19 30 50 20 17 -29 -29 22 -24 -33 -42 -52 -7 -49 -3 -9 -16 -52 -12 -15 53 -41 -4 -50 20 37 4 -41 -34 -41 40 -11 20 -29 -4 17 50 17 -36 50 51 39 45 12 -7 48 48 46 45
-45 -17 -55 2 25 -35 19 53 -27 42 44 43 -46 -1 -46 0 -62 33 14 -47 2 8 -24 -21 -5 52 -31 -32 -32 59 12 -56 7 12 -17 -17 -22 48 -30 -48 -53 48 -52 -59 53 -19 -48 -18 53 -18 -7 -61 45 45 -27 8 -14 -51 -1 -46 -17 30 0 38 -8 -35 -34 50 24 -11 45 -47 28 46 -29 -22 54 -36 -16 -52 16 56 4 -5 26 39 -32 -28 33 -44 -6 1 -56 17 38 -12 -61 33 -30 -50 -43 -36 39 -36 -40 35 -14 -9 65 -22 34 40 58 -24 33 51 -34 14 -23 -36 8 24 -58 -62 -16 -46 -29 -13
9 3 59 29 6 33 42 -15 -49 -54 29 -41 59 18 -29 -15 -10 16 4 -45 -51 13 -46 -23 19 19 3 32 -43 38 16 39 3 17 -23 -5 25 -34 -53 10 -16 -29 23 -19 -50 38 -24 -6 35 -42 0 -21 36 -25 46 -32 59 19 59 -36 -34 50 -36 45 38 -16 45 22 -20 3 35 35 8 8 -55 44 10 39 8 43 34 -22 -32 -45 19 -31 2 -8 -54 -40 56 -20 50 53 -26 -43 17 58 -14 30 34 57 0 -58 44 44 34 -56 -45 10 -33 20 39 -53 -50 11 37 -7 -51 -26 10 -44 15 -11 59 14 -10 31
26 -29 -3 26 -3 19 36 -37 52 27 -8 12 -22 22 -51 30 -59 38 32 49 21 37 40 -2 -57 -49 -49 58 34 -36 51 -37 40 -41 -17 47 -49 35 -40 23 -1 1 -21 -11 38 33 3 -14 53 58 6 -55 15 -1 56 -31 -45 9 38 37 -33 -45 10 2 26 42 55 41 11 33 6 59 -26 43 3 -40 -25 12 35 -24 31 -58 -22 25 -44 -44 23 -58 12 7 -54 43 34 -42 9 53 -2 -24 -54 -25 45 46 9 -33 -38 14 -19 16 34 -48 -37 6 53 6 54 -22 42 -49 -19 -54 34 30 9 1 49 25 -48 -34
47 -41 -40 -8 -28 -21 31 -31 -37 -35 23 -48 -12 28 21 -57 29 -5 -17 55 49 2 56 -5 -55 -8 28 -31 5 -57 16 3 38 -36 10 -4 12 -23 1 9 11 31 10 44 -63 -20 -33 31 -34 36 -34 -25 46 27 -49 57 -65 25 -49 6 6 -18 37 49 22 24 33 40 40 32 -2 27 -30 -43 38 2 -60 -13 0 -8 30 47 13 -56 -15 51 -46 -28 25 -15 -18 -9 3 0 4 -58 3 5 15 -8 -31 15 -20 -49 29 -26 -26 -63 45 38 10 -47 31 38 28 58 -42 2 -26 4 40 -25 -25 -49 -8 13 -5 -26
37 4 -10 3 47 -29 46 -46 3 24 -51 -20 30 -16 20 26 16 -43 2 -57 -37 -48 51 48 4 4 40 25 -36 4 57 46 27 43 -64 49 -47 11 38 -57 -28 32 -9 48 31 18 49 0 18 31 11 -60 51 -46 38 17 -33 -31 -31 53 -17 17 -53 58 -1 40 43 21 61 63 -42 36 -43 57 -21 55 14 45 -5 30 -36 -7 -22 -27 22 -45 -11 65 56 19 -34 -42 -16 -6 34 57 26 39 52 21 -29 -58 -41 34 47 51 21 31 7 21 -58 43 35 2 -41 -16 13 -9 -33 12 26 62 -13 55 43 35 -51 50
51 -2 18 -48 38 -9 -50 -20 20 53 0 -17 3 -53 -5 -54 35 -57 31 -21 -22 2 -35 54 3 -18 -19 -35 19 17 -44 -17 32 32 -50 28 -43 43 52 -39 -21 53 24 -18 -31 1 19 -58 35 49 -42 -18 -45 -11 -44 -27 2 14 -24 45 32 44 -10 63 -12 -17 -10 -3 50 38 -29 -44 -61 6 -15 5 -29 -18 -23 -27 49 -2 -47 -56 37 35 -17 -27 21 -34 -40 25 -45 0 52 -15 4 -1 -40 10 28 -59 32 -47 7 34 -43 -42 -44 23 28 -29 -18 50 37 -18 36 20 9 37 33 36 -35 -1 13 14 41 -30
54 58 -21 -33 -24 25 43 -45 -18 33 59 4 -5 -59 -19 38 18 -39 -58 -55 -47 51 -50 32 8 -4 31 -34 2 48 46 52 14 31 -34 30 -24 30 35 51 -41 48 25 -19 6 4 53 23 -31 -24 52 37 2 7 -45 14 33 -41 55 33 -17 -33 8 -17 55 51 -4 11 -18 -16 0 11 -54 16 -18 -15 -47 15 -2 17 -58 -24 3 -30 -37 17 -6 -25 -47 25 55 -50 -3 20 -29 -39 -7 5 -36 16 50 -9 50 -20 -25 -25 27 -18 -12 -3 -1 30 52 -40 9 -25 34 32 -31 -36 16 1 -50 -13 56 -47 24 -49
-59 -46 -15 2 -26 12 -21 -29 -52 -12 24 50 18 -56 18 -54 -15 -13 3 -44 41 6 -33 -34 53 47 24 -36 36 -42 -56 6 45 -33 6 1 30 4 -14 24 35 -31 49 -45 -19 -40 -58 16 56 56 -53 -32 -17 -49 55 -7 -10 47 -36 -37 -37 26 -2 -23 -53 54 -57 39 -39 -14 6 33 -6 -42 -24 13 3 44 57 -39 14 23 53 35 -49 33 -18 -48 -41 44 36 54 46 38 39 23 -10 -43 17 7 -36 -13 54 -28 26 -9 -28 19 62 6 -9 30 -57 0 52 27 2 43 1 45 -58 -13 26 -28 29 -61 38 5
-34 -7 44 -8 46 28 33 45 52 53 48 -1 -30 52 -9 -45 21 45 -24 36 -12 0 57 -8 40 -50 -5 19 48 -20 58 -48 57 32 39 -43 39 46 -50 -30 -26 2 15 -59 -47 -9 -29 -6 -28 -35 45 -17 32 -2 12 39 8 3 30 -54 -30 0 -30 43 -11 -40 4 -40 38 63 22 7 -51 -5 35 -20 34 -56 34 -38 20 -12 -42 -44 17 -2 51 -40 -45 37 51 8 -50 47 -49 41 9 6 -38 44 -25 -60 36 25 0 5 31 9 23 1 4 9 40 34 8 30 -56 -21 -58 10 -53 40 -25 -51 8 -14 -49 61
-23 52 34 2 -2 37 -59 25 -50 9 17 -16 -41 -29 -2 -10 -44 54 52 34 -22 -51 -29 50 20 49 17 52 -17 27 -37 5 28 -36 51 -15 -31 22 25 -10 -56 18 -2 -13 -12 28 14 33 -57 29 -59 57 37 19 43 6 -27 50 36 7 -32 39 -40 -11 -27 11 2 52 46 56 23 38 23 22 21 -32 27 28 23 -21 -23 -15 -43 13 18 41 -61 60 50 23 54 -1 59 -58 -23 -32 3 58 -24 -35 -38 56 58 -46 47 -56 13 38 14 46 -1 18 -55 37 55 -26 49 21 -7 13 11 14 -37 -49 51 36 26 -41
27 -56 36 1 -11 50 21 7 9 -23 9 31 -25 -27 14 14 20 41 53 -42 -39 -18 -54 60 -41 -18 -51 -36 22 57 31 55 -50 -22 -9 44 -16 47 -23 54 -59 33 -51 -3 -3 -30 -42 16 53 -34 -21 -55 47 -10 -18 -21 16 44 37 12 -13 21 58 -36 44 -54 52 -27 -19 15 55 -11 -51 -10 -30 -3 2 60 -52 53 44 58 -21 58 -42 54 46 -4 27 -41 11 8 41 -48 44 26 -27 17 0 52 -17 50 7 17 -50 35 -45 26 -7 27 -2 42 -28 8 -47 -18 58 -5 14 -59 -48 -55 -35 -39 14 12 -13 -39
-44 1 -5 -31 -9 34 -65 -39 39 -65 51 10 55 -59 1 4 23 31 36 51 -12 14 29 -63 38 -26 -16 70 -6 -47 21 46 8 -11 5 55 -51 17 -24 26 -59 17 53 34 24 13 -10 10 -54 57 -53 -62 18 60 -58 -18 8 29 -10 41 -55 -42 -33 -13 8 49 -54 47 -2 -43 -63 -9 -36 -54 -35 39 31 2 -41 6 -72 -28 -21 -22 -28 45 12 -67 3 6 -30 25 4 60 -30 31 43 -55 -28 -61 47 40 31 38 39 -29 52 -6 -41 4 -24 30 -38 -55 -10 -24 -57 20 8 -17 43 21 -5 31 -33 -21 39 -46
-17 4 10 -51 -24 -40 42 -39 57 5 26 9 40 39 -49 -42 53 49 8 30 52 -6 3 -47 -16 -18 -21 41 -47 25 44 55 -27 -40 -44 -33 -57 -5 53 35 25 23 37 23 50 9 -44 56 -36 -23 17 -1 2 -9 -18 3 5 -45 28 -42 44 18 -19 -17 57 -33 -16 -11 11 44 -42 -23 -8 48 4 29 -2 44 5 -31 -53 -19 -19 19 39 24 -18 -13 -17 -29 52 -6 -40 35 15 57 -2 15 46 15 -5 12 -38 57 21 6 -17 -8 1 58 -17 -30 29 9 -31 28 14 -7 48 -23 24 -30 -16 53 -14 -13 41 26
6 -47 -52 -47 53 -6 -24 24 -55 28 43 9 -35 10 57 30 51 -53 -25 -59 8 41 -3 -42 -14 -12 -13 64 -44 50 -54 32 -32 -39 -10 -26 -7 -18 1 41 -25 51 33 41 -37 -56 -23 33 28 0 22 21 9 -36 -65 -51 -47 -1 -25 62 -31 17 55 27 12 -18 -1 31 -13 1 -1 37 -27 -19 -1 51 33 20 -4 -6 -60 46 53 -55 42 -26 9 35 38 56 16 -35 -6 -37 -9 -6 -38 -10 -46 -60 -54 -55 -35 11 -53 -54 46 -13 6 -50 -15 21 29 -37 55 31 -9 41 49 51 -38 -55 -17 36 17 32 -15 26
36 53 -59 -34 -31 44 -55 4 -13 -49 -32 -2 -24 40 -47 -13 -34 -42 52 37 27 -41 31 -19 6 -54 52 16 -1 -19 27 -5 48 -24 6 -16 -7 56 -10 48 22 28 -27 47 -56 8 14 28 32 57 -54 45 -10 11 -25 -34 42 55 8 -2 -57 12 8 -38 -13 33 40 59 -21 0 -51 -42 -33 -4 -14 -53 -32 -58 -39 -28 -53 -1 -32 -44 -46 2 47 -36 -25 57 -10 -50 5 10 11 41 -9 35 13 -28 -43 -6 -12 -17 10 35 -43 -26 -43 13 53 -52 42 -65 -43 -61 -13 33 -46 6 -35 -31 -4 11 8 46 -47 -40
46 -46 47 29 41 7 56 -20 -13 -24 48 -2 18 53 -29 53 15 -35 -28 26 47 -51 44 47 -10 32 58 -43 -13 1 -7 -24 22 -34 -13 35 44 -33 -31 45 26 -7 41 -32 -21 54 -59 -39 43 11 -39 -22 19 -21 8 -60 11 8 22 42 -31 44 -53 23 -11 -13 18 -9 43 -18 -18 -3 16 -41 -2 -20 -25 -18 -42 22 -52 -16 48 -44 51 -41 16 57 -19 -12 38 -43 24 -43 8 -40 39 -12 -32 -14 -41 -48 -30 59 43 -30 22 -17 41 2 32 -29 -24 -48 57 -58 -25 32 -31 -25 -50 -24 -22 16 11 -32 -48 42
43 -10 56 36 -59 19 -42 39 20 -58 34 -34 -31 -13 28 44 -9 -21 -49 44 -46 44 25 -26 12 -35 -19 47 -53 -5 6 -56 22 24 -10 -6 -13 -35 -58 -10 -23 -49 39 -43 15 -19 -55 45 19 47 -52 -8 -5 -57 -24 -17 36 -38 22 12 -25 -17 -8 -62 29 -14 41 30 50 -42 40 -5 39 -15 -54 46 3 -31 -48 -20 -46 48 -52 48 6 40 0 7 29 -15 -53 48 34 0 12 -27 -53 7 -47 -6 -16 34 -9 -37 -52 -51 24 -38 35 35 -26 55 34 -27 46 26 -59 31 -28 18 -31 -19 -21 -22 11 -2 -59 8
-44 -21 -38 -23 -15 22 8 -9 43 -48 -54 -42 -20 -7 21 4 32 -44 -52 -20 26 35 -25 5 -25 -32 -34 2 50 36 -28 51 24 -8 -33 15 -47 -11 -40 -12 -19 -24 -41 22 -54 21 38 -53 -24 26 -30 -6 30 3 10 55 37 45 24 -22 -9 -13 -11 -28 -42 51 7 13 17 -14 5 -8 19 -10 -37 55 -13 -49 15 -16 43 -15 50 13 21 -54 23 -35 13 18 55 -46 31 -17 18 -12 -22 5 -45 58 -51 -28 7 -20 24 -15 19 51 -47 28 -55 -29 -29 -41 -1 47 -44 45 -54 -35 -42 -28 29 18 36 -49 27 40
44 38 0 -44 41 -42 -34 -46 -17 -27 -27 52 -47 -14 38 41 38 -21 5 51 -54 1 53 -15 -36 -33 53 -23 37 -28 46 12 -2 -54 27 53 35 31 22 -2 33 34 -44 -24 43 4 26 -40 7 2 3 46 20 -50 26 16 -54 21 5 -58 -3 19 38 9 -44 -57 -40 -44 24 -50 -43 -51 -4 36 19 -26 -33 31 45 -28 -22 -17 1 -6 -54 16 41 53 -15 42 -49 0 52 -57 39 45 42 42 -7 27 57 24 51 53 -53 2 59 -25 56 -15 -34 -52 -2 0 59 -47 -35 -1 39 15 -50 -6 -23 57 -58 2 23 -35
-4 -45 19 -17 13 0 -18 55 -24 -12 -2 -40 17 30 -53 -42 -38 -55 -38 54 35 44 -42 35 45 -13 -9 -47 -28 -28 48 7 9 46 -59 -38 41 -20 -56 -49 -2 -21 -40 -11 -28 36 -51 -12 21 -50 -14 43 14 -39 43 28 -30 -55 -20 55 52 -23 -30 65 -40 45 35 -11 -27 47 10 -32 -57 -32 5 -41 43 -51 -25 46 47 17 23 6 -29 -52 17 -41 57 38 34 18 58 -46 -64 33 -45 53 57 63 -14 48 10 34 -41 27 35 -10 55 -32 9 -44 -26 30 37 -2 49 -10 54 53 -36 -11 -52 53 -2 -8 -26 45
30 -47 17 22 8 -42 47 58 -35 33 -3 -47 40 17 1 31 -3 -37 28 40 48 3 20 -8 25 -26 -59 -54 51 51 -59 29 10 -23 54 21 -15 9 -7 8 -42 3 -42 32 4 -42 -45 40 58 -7 36 16 30 -54 17 4 -38 -41 -51 0 -7 43 -37 -28 -13 51 11 38 51 -47 -10 -29 35 -58 50 51 -52 6 10 26 53 -44 36 1 19 51 19 -50 28 59 7 -20 -45 -34 -38 -31 40 54 14 -31 53 -16 -21 25 57 -46 30 49 -4 -6 -49 -55 -10 -41 38 26 24 50 40 27 24 -35 -40 -42 -41 57 26 20
-32 5 25 -11 -59 20 51 -1 23 19 -44 59 26 -43 -17 -5 -9 -47 31 -21 38 -27 10 32 26 -10 35 40 -5 51 -45 26 23 -37 53 -24 -35 6 23 31 -35 51 -45 7 -37 4 -3 -28 42 1 -4 -31 -38 31 -51 -24 -32 17 -35 21 -24 7 58 11 -28 42 3 -12 62 -55 -56 -32 0 -54 53 38 -23 -33 -24 -2 -35 27 -37 42 50 57 -46 -17 28 2 24 32 1 -27 -32 -47 18 6 11 -2 4 -58 54 33 -23 -37 -2 -50 -11 -47 24 40 -16 -34 -12 4 -47 -47 -2 14 31 1 58 4 -55 17 45 19
55 35 13 1 -14 46 13 25 -49 -15 54 -51 55 55 -3 -59 -29 -32 25 21 26 27 0 -55 -6 22 8 47 37 -7 45 15 23 56 -41 57 -10 24 8 12 -18 -1 6 30 -28 -32 -14 -45 -15 32 -42 24 -14 30 4 -11 54 -21 47 23 -50 -47 -8 -30 -20 31 58 33 35 -16 -19 51 -6 -40 -36 -42 -29 51 47 37 -59 14 10 0 -54 1 -59 25 -33 -47 28 2 16 -24 21 -40 42 -13 54 50 26 40 25 -33 -11 52 15 38 49 0 41 -2 -40 52 6 29 23 32 -42 -57 30 16 30 2 36 19 -19 0
-4 22 8 -18 6 54 31 57 -59 55 -56 0 -66 17 -27 56 51 -44 -50 -16 53 33 4 39 32 -55 -30 -17 -41 15 -20 19 51 29 46 -18 35 -6 30 -17 37 16 -24 38 36 48 11 10 -31 -17 -26 -15 1 -34 14 14 17 65 22 -52 34 -49 -57 39 -44 -13 -44 13 74 -37 -22 -37 20 40 42 -27 60 -29 -41 -56 45 49 12 -17 40 -57 8 -2 47 -53 -50 49 55 -62 34 5 -67 -57 -8 18 26 -53 32 15 -36 21 -56 -14 -15 8 48 10 65 67 -24 26 -21 -52 31 30 -53 -3 29 -12 22 -59 -15 55
-35 23 -34 1 -39 -4 20 8 33 -8 54 1 36 14 -24 -58 -50 42 -39 10 17 55 8 -20 46 54 -45 40 42 5 -56 27 -38 -41 23 -3 13 -51 -24 11 -27 30 44 27 10 21 -18 -8 37 -3 -55 34 26 35 19 -9 38 -5 -24 54 -4 -22 -38 59 2 -5 -56 -43 19 40 8 -60 3 -27 -56 -24 10 52 -17 54 -40 -42 14 -27 51 40 5 -23 -56 -12 38 2 23 -23 -38 -56 3 -59 -25 30 -56 -19 42 3 11 -22 -55 29 26 -55 -51 14 -31 -22 56 49 49 12 54 0 -33 -33 -26 -11 -4 -41 -13 25
10 51 7 9 -14 -20 -31 -7 -23 -44 20 -19 24 1 25 -32 19 56 -31 -14 52 -39 -11 3 -35 11 52 -45 59 22 4 31 54 11 21 0 -49 -50 25 -39 25 7 -51 -46 26 1 -22 8 -7 -30 -19 11 -29 -42 49 -33 -45 -48 -37 -26 -59 37 26 34 53 -58 34 -22 -43 -53 28 0 -54 -22 10 11 53 -3 -46 11 42 -18 48 4 -22 -54 -37 7 -13 -37 1 14 48 19 -55 28 17 -51 53 -38 7 -58 -22 -17 26 -15 27 -56 48 -2 6 -34 19 4 -59 47 -26 -16 9 44 50 -25 7 -15 41 20 37 -10
12 30 -59 -25 -26 33 26 -25 -54 26 57 -14 1 -13 11 27 -18 9 -31 35 -26 -53 -2 -59 -28 -59 -3 43 -42 56 -18 9 -58 27 -39 -52 -34 49 20 35 48 -59 -17 -43 -18 27 7 56 33 -44 -56 10 -9 39 -8 -41 -30 21 -16 18 19 22 -43 37 -29 26 12 -42 -43 34 -1 50 33 55 -2 -19 -55 52 -19 -48 -4 -5 56 56 53 48 23 30 -34 23 -32 35 29 25 10 6 58 -58 34 24 23 -38 -14 22 37 2 15 -18 38 51 31 27 46 44 -20 27 20 21 -14 53 -53 14 34 -38 27 -45 58 23
34 -33 58 -52 26 26 32 3 -29 -49 -2 -30 27 -57 24 41 -35 27 23 27 2 -2 21 -3 -35 45 5 -57 -21 8 28 42 -20 -34 -41 42 -36 -52 54 38 39 16 -42 12 2 -24 29 37 -25 33 -8 11 15 -6 -7 -42 -41 -1 -58 19 55 48 10 -42 59 -33 35 1 -46 10 12 23 -55 25 35 48 -58 -30 -56 -58 -37 10 -20 51 45 12 6 31 59 59 -26 -24 12 -28 32 4 30 21 -23 -32 17 34 -40 54 36 -34 -25 -8 40 -30 -8 -52 22 4 43 -32 47 -55 5 51 10 -8 5 -57 20 23 -8 -33
-17 15 -44 -15 -59 15 -51 20 36 38 -31 -5 -52 44 56 46 10 46 40 -4 56 -15 -18 45 53 19 35 50 21 51 -21 32 7 7 -43 -27 -43 34 0 -56 21 32 -41 25 -18 9 -12 -33 -22 -34 -35 15 26 -58 -36 -29 19 -41 11 17 -40 -50 21 -35 -41 -28 -32 10 -17 -9 54 -27 26 -53 9 -40 -59 -3 -48 20 -46 -15 47 -43 3 -39 33 55 -19 16 -11 47 -46 -53 8 -27 -45 45 8 8 54 -15 54 35 3 -5 58 0 -37 -46 7 -20 -49 58 -3 47 16 45 -5 55 8 -33 34 -40 -42 36 -28 -14
-45 23 -19 14 -35 53 -55 5 48 -27 8 51 46 14 -15 -15 45 45 -3 -60 35 27 51 29 -28 27 30 13 16 -31 10 -35 1 -21 -32 -39 -10 -6 45 7 -40 -59 40 22 -13 0 39 11 45 10 4 30 -28 -12 21 -33 3 -57 16 -6 -28 29 6 43 -52 -49 22 -25 50 -7 -56 35 -28 52 -45 17 29 56 -24 22 20 -13 -3 -4 -13 18 49 54 35 21 -42 -8 -6 -30 32 13 15 -28 9 -19 5 -42 38 -57 -24 53 -17 -32 -39 8 43 -39 -21 4 -23 -1 29 -18 27 -7 -14 49 -2 27 -6 2 -59 47
-37 27 28 0 -2 -19 -51 17 -40 28 -21 59 1 57 57 -48 4 -28 8 -58 17 0 -14 9 16 24 -1 55 -41 5 40 -44 -6 59 -32 16 24 56 5 -42 55 -37 -15 -27 48 50 -60 54 -44 -22 -3 31 5 49 22 -19 39 -19 -14 13 57 -37 -6 -19 -28 36 58 39 -24 -41 -15 12 6 -14 -56 -35 40 37 47 8 51 -43 -33 -4 6 34 7 -11 -29 -40 27 -50 -8 -32 -8 -55 50 49 6 38 -29 -6 -56 -3 -59 39 20 34 -29 -50 37 -45 -7 17 -19 8 -7 -14 0 5 -19 20 -20 17 53 39 49 2
54 -34 -27 55 47 53 0 40 -18 22 15 9 22 -54 39 -27 -51 -10 10 4 -56 -16 -37 42 -45 15 15 -54 30 20 -22 -15 -58 -38 -8 -31 23 38 -60 7 54 6 -56 -56 -16 37 -55 -43 -59 -21 -54 13 31 -44 -50 63 40 -24 -60 -37 -54 -24 -24 21 -58 -51 10 48 -8 45 -33 -54 -28 -16 -14 -44 46 -26 58 32 31 25 -32 53 41 -42 -63 62 -24 37 -56 3 -32 0 0 -48 -6 4 -18 -28 6 19 3 49 -28 35 17 14 -7 -48 19 51 -23 27 -37 -16 4 44 49 10 -21 -26 35 -12 24 45 17 19
-15 -29 22 4 -34 19 -54 13 37 -9 22 -17 6 16 44 -59 16 16 51 21 -18 -25 -49 24 8 -21 -24 -44 39 59 -48 -30 -34 18 56 -10 42 -14 17 32 -4 39 -27 11 -52 -46 25 27 0 56 52 52 47 -34 -59 -33 33 -54 17 -48 -8 -41 57 22 -44 -46 14 40 -19 37 -4 51 -54 -9 20 -45 -20 -27 24 37 -5 -33 -6 -37 -20 1 53 9 44 -46 -22 53 -44 -41 -47 44 57 -47 21 -2 -48 -12 -29 45 20 56 32 -45 8 -34 25 -33 -2 -8 10 9 -5 -40 30 -1 -54 -44 -16 23 54 36 -18 24
-27 35 -42 -30 -12 -17 -9 14 -5 44 -10 0 -17 34 44 -22 -42 -40 33 51 5 -4 58 68 43 -48 16 -4 34 -29 18 -5 48 -56 -40 -6 -35 43 -36 25 -35 17 -9 -56 17 -15 53 48 51 27 39 39 -25 -4 38 64 -54 -48 -13 9 56 33 -28 56 25 -62 54 21 -51 -27 -33 -38 -11 50 -27 12 -52 11 38 -17 -50 31 12 9 -44 -47 3 2 -21 -16 20 -38 55 19 -32 -1 49 24 31 -40 -13 28 43 43 -28 -53 42 -14 66 -63 -15 56 -46 10 52 0 -57 1 46 37 48 14 9 -15 -6 33 -9 56
27 -35 -55 -43 -52 -33 32 47 -16 49 24 7 -38 -55 17 15 -6 26 -27 -42 38 -58 -26 50 -15 -9 41 -11 -58 33 -36 -26 -16 42 -54 -30 -31 25 49 -28 -31 4 -52 -29 -51 40 2 33 -42 26 12 45 -40 -18 -25 40 -4 59 7 17 43 52 50 -12 34 -6 5 -51 -32 -10 40 34 27 12 -61 -2 -18 -21 55 9 24 7 13 15 5 11 -54 78 -56 -12 -30 -35 17 -69 -59 -44 5 -18 11 71 40 31 55 25 -56 6 -13 43 64 5 -43 56 44 43 53 70 40 -14 -11 -11 -57 23 25 -28 8 34 -52 77
22 19 -15 -40 -10 -5 12 45 -56 39 -43 16 31 -3 45 18 -2 13 -41 -5 30 46 -45 -4 -3 29 -32 -15 26 36 -22 -29 22 50 -18 18 57 -43 -50 -32 53 21 10 20 -59 2 53 -11 31 -26 52 23 -39 -24 19 14 50 -11 45 -49 -15 -30 -50 51 -22 -41 46 -48 -23 15 -20 -10 40 43 18 -40 24 -51 32 17 22 -43 -19 -4 25 17 -9 -9 48 -44 -24 54 2 -9 -18 -59 -5 53 21 -39 -17 27 41 57 -51 30 -42 -23 -24 45 1 -40 -4 -21 58 -15 17 -59 -2 -11 35 7 55 2 14 -4 47 -4
17 36 -31 -6 -45 35 64 -51 31 60 9 -15 -57 52 0 -56 -36 -32 -11 -3 -49 -51 -50 -13 -1 -45 -27 18 43 -23 23 -24 13 -30 35 -51 17 40 56 -24 -55 -40 19 -51 -34 36 58 -21 -48 -32 4 57 -53 -26 36 62 27 46 14 33 2 -23 -42 18 24 -14 -28 0 -8 36 52 -11 -25 43 -46 21 41 -3 21 12 56 -46 25 -46 -20 29 51 37 -46 -56 36 -46 -48 24 -64 13 11 -45 -53 -46 -47 -33 -26 10 -2 -24 -22 -54 21 -23 10 24 40 -35 -37 -16 -52 -31 -37 36 14 -15 -15 -25 14 48 -49 51
55 31 3 -23 -47 -49 -36 36 -20 62 -58 -20 46 -55 43 -57 43 -59 -14 35 -31 -45 -38 -31 -52 -47 -65 -3 -37 31 32 29 -59 -2 -38 -8 19 -4 8 -50 45 -35 -27 48 24 6 16 -67 -50 50 30 22 -63 29 -15 35 13 9 35 11 45 41 44 64 39 49 -10 9 45 69 23 47 -30 -30 -31 10 49 35 54 42 -42 -34 -46 -12 48 42 -33 -31 19 -6 -53 -9 -35 -53 -17 34 30 11 -12 11 -40 -41 -5 33 59 65 -14 -41 59 43 49 21 33 -46 -1 -46 -24 48 58 -29 -41 42 53 -65 49 12 -27 50
36 8 38 14 -33 9 17 -9 52 0 -56 30 51 4 -25 40 18 -19 35 21 15 52 -3 26 30 51 64 -46 -4 -35 2 -2 -12 -44 32 -9 -35 -2 -7 57 -78 -12 83 -22 -50 39 0 8 17 59 -14 12 41 16 -56 -52 41 -41 -39 -33 -56 -23 -4 28 14 34 -59 26 -4 -42 56 -51 4 0 29 52 -53 56 -4 59 -59 -2 -9 -27 -46 -44 -55 -15 41 -44 -23 12 -21 19 -17 -13 -20 -2 -55 16 -32 -35 20 -20 8 -40 56 11 31 -36 55 44 -48 -65 22 -55 51 -14 -46 -55 -22 -65 -12 -35 -63 -30 -15 -19
-19 -42 9 -43 -50 -15 -52 46 -17 -53 40 -26 -23 27 -21 25 40 -43 -51 -58 0 -18 34 -11 49 -44 43 38 -32 -8 -37 -25 -54 -51 31 52 44 33 -50 9 -48 -14 -5 21 -31 -24 14 -45 18 40 -32 35 -30 -15 -1 -8 26 46 43 30 38 22 35 -5 -6 59 45 27 4 8 -47 -21 -39 39 49 -40 38 24 -54 40 12 -14 23 -18 -39 16 28 -20 -35 -26 53 -21 -12 -44 0 -25 37 25 -56 -13 33 -15 33 48 -16 8 -14 26 -13 49 43 -58 -31 51 55 6 22 5 35 59 -15 57 25 -22 -45 -48 -7 -28
5 -23 -42 19 52 -42 64 52 -6 74 -28 31 -64 49 47 -53 -21 -33 2 -55 7 -45 -34 54 -2 26 -10 25 -50 -13 57 -45 -48 57 -28 5 -32 -16 40 11 28 -34 -4 20 30 44 17 -18 -48 -27 -26 25 -73 28 41 -25 19 -42 -23 -69 -33 5 -9 17 -42 -25 0 0 10 -1 -28 -42 56 41 34 48 35 9 14 -42 -34 42 31 -8 44 -13 -74 65 -12 15 22 52 -55 -4 34 -57 -26 31 39 63 6 41 34 66 40 18 -27 54 47 -51 -22 35 -6 27 21 3 -17 -32 32 42 -37 -39 -33 -34 12 50 45 -10
56 -36 9 12 17 -37 -26 -11 35 -57 43 -26 59 -29 -52 28 10 25 -21 18 52 43 -55 21 53 13 -33 -50 42 25 -52 15 -56 -13 -47 -58 41 39 34 -39 -45 10 58 -26 -28 -3 40 40 -32 18 14 55 31 28 15 -47 -56 22 -21 -5 -8 6 59 -32 -4 -43 25 9 -37 -15 -5 22 -30 -14 50 -7 -16 -29 40 2 -48 -5 -51 42 30 39 -6 47 0 -25 -52 46 28 -20 -57 9 19 -22 -22 -38 -24 31 -36 -16 28 10 37 -29 30 -5 28 3 -32 31 6 41 -51 45 -3 3 15 16 -57 -22 51 -39 16 -21
-53 8 -15 2 -57 -29 45 -15 -29 22 38 37 -44 -11 54 -49 -38 10 16 2 -30 19 8 15 -12 13 -50 20 24 -55 27 28 55 14 24 38 -10 25 -1 27 -55 43 13 -45 25 55 -20 -3 -3 -21 36 7 54 8 -49 8 1 10 26 6 -57 -45 -32 -51 46 -52 2 58 -44 57 -30 -51 -20 55 45 10 18 -59 55 40 47 -11 -34 16 12 54 -19 -23 -27 -50 7 -14 -7 -25 -48 45 41 36 29 56 9 38 -17 -16 -9 -46 39 3 -18 3 58 -8 0 41 -29 33 40 -50 -33 31 -23 -16 45 11 -56 -36 -19 -59
55 41 4 -38 -30 -59 67 44 28 -40 -58 43 17 -1 19 -51 -62 -29 -20 55 -53 -14 -13 26 15 -18 -64 16 -30 -20 7 49 29 -1 55 -13 31 17 -37 19 3 -19 -15 43 -38 -19 -16 -9 20 38 52 6 27 4 41 35 17 36 -8 -68 10 -6 -8 -13 -12 19 37 -45 31 2 20 -66 16 33 47 -49 24 -40 -37 -7 50 32 -16 55 -50 -5 -11 28 -45 33 -39 57 -2 32 -49 -51 23 3 55 37 -34 22 -22 65 -35 -28 -43 16 2 -28 29 59 59 16 64 48 45 -9 15 -29 -18 48 39 8 14 -14 48 29
3 -29 31 -25 13 59 31 50 11 -21 38 -48 30 46 -58 22 -51 -56 43 18 40 -7 13 -36 -33 -65 4 4 37 37 11 -10 -34 0 -50 -18 -13 -37 -50 -8 6 56 31 -1 1 -35 9 -3 38 -13 15 -21 -35 9 4 -27 54 -16 0 33 36 -42 -10 37 -45 -56 -3 -21 -8 -56 -26 26 -2 -32 -26 2 -59 18 44 -45 20 -32 28 4 -15 26 -48 25 9 27 -25 2 -34 -3 -10 23 -45 46 4 49 54 44 43 -10 5 -25 3 32 46 23 -60 37 33 2 10 23 33 50 55 -2 -39 -27 -48 15 -23 -49 17 -1
-14 29 47 33 51 54 41 -40 22 -19 -33 -11 -49 -47 -22 40 45 -37 -49 -9 27 -52 -38 -36 11 -14 0 -48 -32 7 -31 38 -14 43 3 32 -34 20 -22 15 -24 27 11 -48 4 3 3 66 10 1 17 -25 -3 -3 -15 33 51 33 48 -26 56 10 -40 -56 46 29 -30 -27 -10 28 45 3 -49 -8 -59 14 -19 -17 -7 -30 31 -21 37 -42 26 -27 58 32 35 7 -28 -44 -52 29 -17 -49 -35 13 17 48 -55 -44 19 40 18 -11 -43 -47 -11 -16 27 -50 -60 -42 54 -56 -22 7 42 -19 57 46 41 9 -11 36 32 33
-41 -53 -52 41 14 42 54 31 -56 -17 -18 -56 38 -16 15 27 42 -10 -18 9 25 -7 52 54 -6 44 28 55 10 -16 15 -13 30 2 -56 -17 29 -28 -33 16 -41 10 6 -41 4 39 11 47 10 20 -46 29 -32 47 47 52 -8 -39 21 24 5 43 -16 -40 47 2 -46 25 -25 -33 11 11 14 -54 52 37 38 -52 -33 -3 29 -7 40 -14 -38 -19 -27 -50 15 35 -39 -44 45 -32 4 -35 -8 49 29 -24 46 -11 -43 -16 28 -11 46 -19 -40 -36 0 -6 5 50 -55 -28 -56 -13 16 -6 -51 -32 -54 -57 1 45 -1 58
-52 -53 -12 -40 23 32 53 -13 -32 -14 18 -22 -45 -53 -12 34 -11 38 51 5 -23 -29 35 -5 -41 -28 -28 39 20 57 12 -17 -45 -55 -52 -14 -41 -52 14 39 -21 -2 75 6 48 36 -46 35 40 12 -53 -60 15 40 -2 -14 1 -28 31 48 -31 -17 28 -30 6 21 34 -17 -36 62 48 41 0 -45 -12 -48 17 -46 26 12 -36 -33 -52 -24 -56 32 11 31 -32 -38 -21 -51 -36 -17 8 55 10 -28 17 32 13 5 1 -31 22 -2 49 1 23 -18 -31 26 13 26 -18 46 -2 47 -40 46 -20 2 18 -62 1 -40 57 26
-51 -12 -42 -34 -57 -36 -40 -50 59 -31 -34 -41 52 -20 22 -32 -34 50 -57 22 0 -52 -32 -30 33 -8 -10 32 39 38 -23 25 11 -44 -21 37 35 24 -18 -16 7 39 58 -18 52 22 31 -36 48 34 -11 -35 18 23 14 -44 28 -29 13 8 57 -54 50 -39 49 -22 -15 -37 -38 1 -33 5 3 -4 50 45 51 -48 8 38 39 -53 -21 32 7 39 -26 38 -38 3 13 59 48 -35 20 -48 -49 -1 50 42 36 42 -1 -34 28 44 -1 35 57 -25 -25 4 -12 13 -58 -18 -7 -7 43 -19 -59 -43 -2 -2 5 50 -48 -40
-26 31 55 26 -28 -14 -47 -31 -42 -3 39 -2 34 52 29 -4 32 18 24 25 -12 -29 -56 49 -2 -22 30 49 -34 41 21 22 -1 -15 -13 26 17 -27 -59 -32 25 -37 -34 4 -21 -37 -20 -25 18 -2 14 -22 49 -53 9 -24 -42 49 -18 -9 -53 5 -54 -3 58 0 -11 18 -58 19 36 10 -55 -37 34 21 6 -30 -41 -48 52 26 18 31 -15 0 -7 -11 47 28 59 -55 28 18 25 -36 -44 -11 -45 12 26 0 42 -3 -26 51 44 -50 -20 14 -20 22 8 -29 46 18 -47 7 -2 58 21 33 4 -56 47 -44 -54 57
-12 28 38 -38 52 -40 -32 36 -14 46 -6 33 -36 -34 -11 -13 -17 2 -39 -45 -25 -46 57 -14 -31 -45 -25 -44 39 55 40 7 34 22 17 -41 43 21 -41 -25 -2 -48 -9 -55 55 -32 49 38 27 -23 -13 50 28 -42 -5 -4 -4 -58 17 -22 -4 -22 4 32 7 -39 -26 -15 10 3 -45 53 21 7 -34 -43 33 35 -29 -7 45 -59 44 15 -9 -38 -15 12 -30 -59 54 14 37 -53 -45 0 9 23 -42 -22 7 22 23 -32 -25 -16 -29 34 -29 7 50 -24 -22 -35 -44 -8 -34 5 -57 25 17 -46 -12 -20 -58 19 26 29
-8 -47 -57 56 42 -53 13 -4 31 42 -41 55 -38 55 34 -55 -50 58 -55 12 -49 -54 -55 -25 17 -51 -71 -35 -35 11 -18 -27 34 -13 43 -1 19 -70 44 -21 -29 -5 -10 -48 -22 -1 -38 -62 -11 5 -43 -50 -59 -30 -2 14 -33 25 26 25 -22 46 8 -38 48 -10 -20 -55 70 55 -39 -26 -11 19 54 -15 -5 -23 -23 -56 47 45 -8 12 -13 -21 -61 -1 -28 38 -54 -54 -31 7 -9 56 41 41 28 45 -51 3 -22 69 53 58 -19 -64 -35 -20 -26 41 -16 5 -37 6 -41 13 -34 -43 -43 69 20 -40 -19 -22 -26 35
19 34 -45 12 -41 27 -43 26 -21 -10 -8 20 -31 -47 60 -7 51 -19 35 59 -16 50 7 8 8 43 38 26 6 40 -47 22 -43 -49 41 -34 3 -4 16 31 -47 -25 -43 -1 0 34 36 20 14 0 -31 37 51 -26 9 -3 -14 -50 -23 39 -42 42 -40 18 37 -25 -7 34 2 1 28 50 8 -27 -57 51 -3 -54 17 -36 -8 13 1 53 1 3 -60 40 44 -56 -1 1 1 -21 17 -25 41 -1 -20 44 -51 27 39 54 -50 32 16 -2 8 36 -12 27 -40 10 60 1 25 4 37 -44 47 35 -29 -37 24 53 15 47
45 38 24 -17 8 59 30 -72 2 26 16 -59 20 27 29 -50 -54 -11 65 -15 -50 37 21 -59 31 42 5 63 13 -9 22 -40 59 15 54 38 -21 17 -50 -52 -73 24 42 33 -47 16 -40 62 42 30 -45 -26 27 6 -34 34 -39 2 50 60 -14 -17 23 -9 -38 51 0 32 -56 -57 -37 57 23 -12 -56 8 -32 -39 -56 68 -59 4 -36 13 -20 62 64 -55 5 -46 23 29 12 82 52 10 35 30 41 -43 -34 -28 -30 -25 -55 0 17 28 -62 11 -41 -34 -57 -59 -76 -37 45 -2 -29 -65 77 -61 -57 -21 8 45 54 -16
-40 -44 -22 8 23 53 -23 17 18 34 31 9 -35 49 35 3 50 52 0 -32 46 -24 -54 -35 -8 20 48 -51 -3 0 38 23 -24 -9 -11 -22 -41 -42 -21 51 -18 1 -44 42 3 48 -55 52 -34 51 33 -23 -22 27 -13 19 12 -14 33 24 50 1 51 1 -50 48 23 -47 -17 -33 -49 7 -50 19 32 -35 0 -11 35 -36 15 50 -54 35 59 6 3 -52 0 0 0 -49 50 0 -33 -34 23 -49 -16 38 -57 -51 4 26 31 63 -40 2 -3 -22 34 -33 -15 27 5 36 -31 42 34 -51 -28 -55 12 -34 -33 -13 -35 -24
53 -3 44 -26 -4 32 27 48 10 34 -30 13 14 -48 -10 -46 19 32 -29 5 43 -17 48 -21 -1 -46 -46 18 27 -25 31 -33 27 -27 -52 -36 34 14 -30 -19 42 -30 10 -61 -15 26 -12 -67 52 37 28 52 18 -69 66 24 49 28 -33 -61 25 -18 -48 -48 44 4 35 -11 -26 25 -7 17 -12 -15 -56 7 33 33 2 11 -42 24 -10 -42 -53 -45 -28 13 -26 -36 -5 -51 -8 -69 14 -30 -40 -37 50 16 -34 53 18 -19 -20 -11 28 12 -42 4 -52 21 49 57 48 56 -6 -55 -27 -46 -67 42 13 -24 -53 -42 -3 8
20 -23 11 -23 -17 2 -20 16 -13 22 -29 -26 -1 -54 16 18 47 -37 43 33 -3 -13 8 46 39 -38 -58 -10 -29 2 -32 -58 -33 37 -15 -13 0 -10 -48 9 55 -28 76 30 -23 -3 29 0 -1 57 52 -33 28 -37 -33 47 -2 41 21 -46 6 42 -27 19 -28 -23 50 8 -5 -5 26 15 5 -40 49 6 12 5 -54 13 -46 7 0 -22 -57 -60 -24 38 -29 -9 -63 20 -31 -33 41 -24 7 -39 -62 15 24 -23 15 -47 47 -46 16 -41 -39 21 -28 -60 27 14 5 3 -2 -34 59 -40 19 16 -57 -58 50 14 11 -33
6 -41 23 -11 29 3 7 4 23 -35 16 -18 -42 -24 -22 33 -48 -5 38 -51 55 59 -39 57 -31 -43 19 27 -57 -40 -33 -31 -21 49 56 8 -29 53 -5 9 1 10 -24 20 57 54 48 23 -36 -35 13 -55 -57 22 57 0 18 -49 -43 -53 36 -39 -44 -50 20 -44 35 29 -16 -24 7 35 58 18 58 -13 -15 -34 19 30 -38 46 39 22 6 -57 -43 1 4 -37 5 -45 30 48 -49 -58 41 33 -26 -58 20 28 54 34 33 -36 -40 -32 10 6 -59 54 22 -28 -29 -15 -48 0 -16 56 -57 36 -16 0 -59 -7 -43 -15
36 -17 42 -22 13 -26 33 48 -20 -30 24 59 11 -43 58 40 -44 -31 -7 20 -19 12 -12 33 16 -35 -22 -14 2 -56 58 10 -36 43 -27 27 13 25 -30 -29 -5 -56 43 -46 0 15 -17 -26 48 27 -18 46 -47 -39 -11 -12 -46 52 -50 2 59 -42 9 -4 -20 16 48 39 -15 -5 51 -24 35 -14 56 0 -14 -42 37 28 -27 -56 26 -3 -45 4 52 -41 48 -24 -37 23 -6 -52 -24 -13 24 21 45 36 25 -58 5 23 35 33 -46 22 -7 4 -49 43 -15 6 -55 11 47 12 12 9 -56 49 12 -40 -17 36 38 37
-15 -41 -45 -38 0 -45 9 63 54 -1 28 56 4 37 35 43 10 14 35 -15 -41 29 -39 -32 17 45 10 -17 49 -55 -52 43 -60 -34 30 45 -45 -22 -15 -30 -2 -56 -26 25 -8 -28 55 -28 20 -15 -44 35 -33 23 52 33 -26 -26 -35 49 36 24 36 53 -37 -66 -32 44 -5 -40 54 7 25 58 46 -7 -13 3 9 12 4 -14 29 -17 -51 6 -6 50 47 28 0 -41 -3 34 17 -44 -10 20 31 -2 -9 -31 51 21 43 -36 -3 -31 33 -47 -50 -20 39 49 -39 43 4 47 18 -27 20 68 -12 -47 -37 38 -5 43
-46 11 -26 23 31 38 -49 45 38 5 58 -35 -52 32 -31 45 35 41 -20 28 51 25 -4 25 -25 -14 34 32 -26 -18 -3 -12 -14 60 -19 -27 32 30 52 36 43 -16 -49 59 -55 50 27 -31 16 -11 26 26 28 10 7 -56 6 -47 16 -27 -19 33 51 -58 1 59 52 56 -41 -17 -24 -28 -31 -4 17 5 8 -33 -52 -18 16 -57 -53 -22 45 43 4 43 21 36 39 2 11 47 13 -36 -33 39 -57 38 -53 -47 16 10 3 30 -37 31 -53 10 8 -21 28 45 31 28 58 -1 53 -11 -29 -45 -31 -38 44 15 59 8
31 -43 49 29 -30 41 12 -33 -37 47 37 18 25 16 7 -31 56 57 36 55 53 39 -48 45 38 -29 0 -34 -23 36 26 -32 -4 -14 49 0 -33 43 -21 -24 -31 -53 44 25 -13 53 -20 22 3 -8 1 -43 27 -10 -31 53 5 41 -47 32 -21 -46 8 -17 -13 -29 27 -39 54 -43 -29 -10 -20 11 38 -39 -34 51 -44 30 37 -35 -57 15 -2 -50 -47 -5 -53 47 17 -39 47 -6 -51 -8 -27 15 23 14 -55 30 -47 41 -19 31 -17 50 -27 -33 44 -25 -5 10 -58 42 -9 3 -27 -53 20 -58 17 -36 11 14 12 -11
15 20 -48 -18 38 39 16 35 50 -19 -42 -42 17 55 45 23 11 54 34 -15 13 -7 39 -27 49 -19 59 31 45 -7 58 25 55 -41 -1 49 -46 -32 -47 -12 23 20 53 -39 -32 -56 -45 17 -25 -44 50 -44 4 -43 -28 7 -8 -21 7 -48 15 58 -27 -55 41 -42 12 -59 0 42 58 0 9 51 32 28 -16 4 -25 7 -19 -45 -11 -12 33 -15 19 3 31 -58 -2 -6 11 -46 -60 -58 -17 -1 40 25 -56 -55 10 -49 32 44 -32 25 25 -24 35 16 -17 -32 45 13 56 33 33 -59 -36 9 26 17 -15 26 20 -37
-41 -55 -28 29 -3 2 25 35 -4 4 5 76 -47 8 47 -2 -41 2 3 -40 40 30 14 -18 39 -19 -59 26 -45 28 -8 -5 21 14 -42 -22 -54 -4 41 -16 -39 52 -5 29 -36 31 56 -42 -32 24 48 12 -69 -69 -30 -39 -1 15 43 -26 12 -13 -41 5 -34 -62 -1 7 25 66 -30 -67 -30 -1 -9 -18 -31 -56 33 8 45 32 15 -32 10 -21 -66 22 -42 -10 -34 16 14 -26 4 20 -24 38 -8 27 -28 55 -46 23 -52 -40 -11 25 -36 44 26 20 32 -29 14 53 53 -56 -47 34 -10 63 -57 -28 -47 -31 -21 1
18 46 38 -52 -32 -49 -23 13 -27 -48 31 -44 39 -13 21 -6 37 9 6 17 57 -52 40 -17 3 -43 16 54 -48 27 57 -52 6 25 37 10 56 -49 10 -40 47 40 -36 17 39 -9 43 -37 3 12 -33 54 18 45 56 50 58 31 38 37 -1 51 -20 28 -3 13 46 -23 58 49 -6 1 -22 27 -24 -23 -45 -53 54 38 41 -32 -44 12 13 43 -10 11 57 -40 26 -41 14 -15 33 34 -33 -33 47 57 2 0 -42 -47 -53 -58 51 -32 19 -19 -49 -20 -2 56 20 -17 20 -34 -11 -59 47 41 42 -47 18 -27 -20 -59
-45 45 -51 -5 11 33 -15 -67 22 -64 -57 -32 -6 -4 19 -51 39 8 48 12 -36 -53 31 -83 12 43 34 24 49 -10 -22 -29 -23 13 5 -10 -33 44 -9 -50 -56 -36 8 73 15 -86 -15 17 21 26 -51 -22 67 -23 -12 -62 -27 -45 -34 -11 -39 -9 13 -20 28 -3 1 -28 -68 -42 -17 55 8 -58 -46 44 26 35 42 46 -27 41 14 -55 -4 81 35 12 27 -5 -29 10 -49 86 -26 -59 33 -19 -47 -35 -16 15 -28 -81 46 -44 -37 -47 14 38 24 -72 6 -90 -61 -54 -28 21 -59 -81 21 -18 33 -18 16 -51 -58 11
-39 56 29 -30 42 26 58 47 6 -11 -10 -59 55 35 5 -33 32 57 0 13 -37 -23 -30 37 18 -39 -34 1 27 -44 -40 -5 -37 7 27 -45 -10 -38 32 28 -24 25 22 -18 -36 -47 -24 41 43 34 8 -34 47 -6 36 13 -18 -42 18 22 31 -23 -12 6 30 -40 -43 5 35 -34 -51 -35 26 -22 -32 -42 54 -6 -31 29 -44 -5 58 -2 -2 -52 10 37 -54 -23 28 -53 27 6 40 55 33 24 21 25 26 16 -12 25 6 -53 5 -48 -6 -36 29 -51 -7 26 -23 -35 10 32 32 33 29 -42 40 -7 55 33 57 39
-57 -53 31 -22 -19 -21 8 -22 -9 16 9 43 -57 -4 43 46 -9 -59 12 -50 -34 33 -4 -34 -21 32 -48 49 25 18 55 -40 -13 23 17 -60 33 23 -15 47 33 -53 -24 45 -30 46 -31 -2 -35 49 30 -59 38 19 -10 58 53 -13 -2 -4 16 22 -57 9 4 51 -17 52 21 32 -29 9 22 -6 24 -43 -1 -18 57 -29 43 -18 -52 16 29 19 11 35 -28 15 -4 -41 8 -10 35 -19 19 -55 -53 -44 27 35 47 13 -6 30 32 -27 35 7 20 -45 21 53 48 34 47 -12 13 33 -59 -26 -49 2 -31 7 8 57
14 34 39 8 39 -3 -16 -12 25 50 51 56 -52 54 -40 47 -50 44 -14 2 58 12 4 -41 -38 52 58 34 39 -57 -52 -56 36 45 55 27 32 11 39 32 40 -29 -30 -29 52 22 53 22 28 32 18 -23 -57 -7 -26 -48 49 -37 10 12 -23 -3 29 39 29 23 20 30 7 5 -27 13 -28 -50 44 -24 38 -34 -45 -15 -4 52 -9 53 15 15 -3 35 38 25 -15 48 -18 37 -39 -36 -23 -8 -42 33 13 45 55 21 -28 -15 -44 47 36 -48 35 0 -50 38 9 -39 43 -45 10 -48 -33 22 54 -35 58 -45 57 33
-1 -26 1 4 2 -27 48 -46 -11 -33 24 32 55 5 -61 -33 15 31 35 -48 33 -30 29 -51 -53 33 18 14 -11 -27 -39 11 35 -14 -18 -46 1 32 41 -13 -58 -34 52 -53 24 45 32 50 -56 -31 -20 0 31 47 6 5 -50 -48 13 13 11 -22 -20 -2 -70 1 49 -22 -11 30 -55 54 7 53 27 33 -42 17 34 34 -34 -41 -33 28 31 43 -11 -39 -51 1 -28 -50 24 -18 21 -5 55 -57 48 4 50 24 47 35 -51 -54 52 -50 21 16 -37 15 -46 -23 37 40 -63 -9 15 34 60 -57 -8 53 -14 0 30 6
25 -51 -30 6 0 53 -22 -38 -57 59 25 -49 30 -17 -35 44 59 24 10 -51 -4 53 -45 -6 59 -32 -36 -3 -13 49 -12 8 -36 17 12 11 26 48 -20 37 -41 -24 29 1 -34 9 -42 18 -16 -53 14 -59 -52 -10 43 -36 2 -31 30 11 -36 -5 43 13 10 16 -24 4 6 -6 -8 -36 -25 2 -54 -44 -26 51 -40 39 9 15 -30 -26 -13 6 -56 -8 1 43 -29 -43 53 -6 -19 -4 29 -56 48 16 -25 -29 60 10 6 53 4 52 20 48 18 -20 -55 56 -57 -15 4 1 -48 -42 -13 44 26 50 -5 -19 24 35
-59 57 -3 15 33 -48 0 -19 36 57 -12 54 -15 -20 58 -50 60 -14 11 -37 10 37 -13 -48 12 -10 -36 20 42 9 -27 0 12 -35 -47 -12 32 43 10 58 24 -32 -28 -44 -46 59 25 60 -44 29 43 58 -27 -27 21 42 -42 44 -44 11 -43 -52 3 -19 4 -17 25 -38 -17 -15 39 58 17 0 -13 1 -7 58 -36 24 -6 -25 -55 -18 -41 49 -51 36 -43 28 -20 30 47 -27 -46 34 -17 44 35 -56 30 -3 -47 41 -7 41 -13 12 -58 -31 52 -51 -7 11 50 -6 17 33 8 -10 33 -39 -35 -25 -17 -19 43 -8
-57 52 2 -42 36 -28 29 -37 -28 -11 28 61 10 -46 42 -28 43 38 33 -35 54 41 -17 -24 14 -22 3 -35 -53 -10 -25 -44 60 31 -33 -11 27 -14 21 -40 1 1 -35 44 -38 21 -3 17 -28 19 -59 51 56 18 -5 15 -44 -36 -17 -22 -8 -38 -6 -15 30 4 25 -30 -16 52 -40 -6 -43 49 9 21 -6 -35 4 56 -23 44 57 -41 -27 -54 4 28 24 26 -42 -14 26 -28 -35 56 18 12 -60 63 26 52 -14 -29 13 34 -24 18 -38 41 -60 -51 10 3 15 11 -24 -6 -45 21 -6 0 54 15 35 56 7 -23
35 9 -34 26 17 21 -48 -37 -55 59 24 37 -46 11 16 17 11 -44 61 40 37 13 -39 -39 22 1 -43 -52 -27 22 -26 -31 -24 -34 -41 52 6 58 -19 -55 -21 -35 38 3 -55 7 -40 -10 39 6 7 -19 -59 -8 -40 48 20 -16 -57 32 -55 2 -25 7 24 42 -18 11 -20 53 47 -57 -49 -59 59 46 -50 44 -14 50 -52 21 -2 -1 5 -40 21 -51 5 -18 23 -1 -48 47 -42 37 51 28 -9 -34 25 16 3 -44 -1 18 -51 39 55 -12 -30 -37 -51 6 -2 55 -22 41 40 -19 -29 -47 -25 19 14 22 40 24
51 -48 0 33 -3 1 58 68 0 44 -12 46 -24 29 70 22 -15 24 -44 40 10 13 -14 55 51 26 13 47 41 -8 52 -18 15 -57 33 12 52 11 8 42 -37 21 -8 -66 -15 -13 54 24 4 -50 32 57 -36 -35 -12 65 56 -13 53 15 -27 -10 35 -37 36 -25 38 3 67 -5 -16 -4 -36 -13 -45 -48 34 26 27 -51 33 -25 -40 -20 10 46 9 -12 -28 -52 47 13 46 10 -69 -34 43 13 -11 -13 -27 44 51 54 -22 59 15 24 -31 -59 36 0 9 -7 58 -19 -56 -45 52 38 -70 49 -7 -45 -40 -42 -7 70
-42 -46 -6 -37 11 -51 -118 -90 -10 -77 -35 -48 119 -50 -73 -36 -13 15 -38 14 -16 -54 -21 -127 17 40 59 76 -29 -42 2 -20 -2 18 -32 -42 -45 63 -112 1 -20 59 8 -1 52 -21 13 25 27 7 22 -49 58 -2 -48 -82 5 -16 -29 12 -53 -40 -48 -14 -9 118 5 -11 -115 -68 -25 59 42 -68 6 0 -85 1 -26 24 -102 7 14 -37 8 56 81 -107 -28 -54 6 16 42 24 48 48 126 30 38 -14 11 -62 -60 -54 -30 -122 -21 5 -95 92 -47 -84 -23 -79 -16 -94 24 44 13 -78 93 -114 29 95 -33 10 -38 -26
-2 41 11 1 9 -47 -13 60 -26 -33 -32 -8 -7 -50 -44 46 -30 -10 -50 -51 37 4 3 -15 -26 4 -34 -16 -26 -40 35 -35 46 23 -21 53 12 -47 -32 -15 -7 12 42 -34 1 -24 59 36 37 -48 12 25 -22 -18 -41 13 -57 -54 42 -50 -25 -56 -9 -36 -35 -24 -3 -26 -11 -7 -19 7 -27 23 53 -35 -27 36 -28 -23 -5 -5 27 -58 -37 14 -50 3 -38 -39 41 3 13 -47 -17 29 -30 46 6 -7 6 -3 -12 -55 -21 -43 -32 11 -46 45 26 -19 45 -17 -12 -43 46 -34 -40 13 2 -55 35 23 30 6 0 -55
-26 23 29 -54 -42 37 -2 -3 36 5 -28 13 5 -20 -11 45 8 -31 -19 55 53 -7 -43 -41 23 2 19 26 6 1 30 53 21 51 -45 2 47 38 -1 -27 22 -56 27 -26 18 -54 -29 -32 33 19 26 54 -56 -54 -41 63 23 27 -43 -6 -57 12 -24 -46 -14 48 -38 25 17 -15 -48 -10 16 -19 -60 -8 1 22 2 12 -10 -27 8 42 5 -42 9 25 30 6 -30 -19 48 -21 37 47 -29 -53 33 36 -23 45 -44 39 49 33 4 21 47 10 -33 20 -62 56 -27 6 48 -49 30 -46 37 47 -3 29 49 51 -5 -53
4 16 19 25 16 36 -11 12 22 -49 -40 -47 -42 -26 40 -45 -51 6 -32 -18 31 -13 37 -25 -30 -58 -26 -53 18 -36 -33 -50 7 50 -31 -46 -2 -6 -13 38 -36 -60 6 47 42 49 28 33 -2 -43 -4 -29 39 -31 -8 -29 29 -41 -44 10 31 -30 -48 28 -46 44 -26 -47 2 14 -27 56 44 36 -32 12 57 -52 -27 9 2 12 -36 22 28 57 17 52 -20 23 -32 1 1 -59 -36 56 -28 -20 44 -40 56 18 -6 19 12 16 -50 -1 33 -28 -41 55 51 -45 -3 -12 52 27 -26 53 5 30 22 -5 8 37 56 14
-50 50 37 -26 -38 44 33 -18 49 18 -32 -36 -58 -51 -50 -58 21 26 7 27 37 36 41 42 -3 -53 -57 -27 40 -39 -37 -60 59 42 52 -10 -32 -36 4 23 -40 -26 6 48 56 47 16 -8 -56 52 52 -3 37 16 -30 47 -44 44 57 -54 -7 -50 -41 -12 53 31 -51 16 28 43 -27 22 35 -26 31 7 58 31 -12 22 -35 12 43 16 55 -25 -35 0 -37 -9 -48 -11 41 -20 47 -57 30 30 -57 51 -29 49 11 53 0 -25 56 44 49 -58 -60 35 -48 33 33 38 -9 -27 33 -12 46 46 12 41 -57 -42 35 35
-49 -9 40 -13 19 58 57 30 -50 48 50 37 17 -53 1 52 21 1 46 -33 55 27 19 -25 48 -32 10 2 18 54 -26 4 2 -53 21 49 -24 27 -21 49 -37 -23 -7 -16 -37 -16 30 33 12 25 -57 17 -13 24 40 31 20 -11 53 -54 4 -12 -51 29 52 30 -56 41 59 9 51 -29 -3 -26 25 18 42 58 54 58 38 8 -37 -56 47 -5 4 -7 -11 44 -31 -35 37 42 -41 -18 48 9 14 28 -60 -59 12 1 -38 56 13 42 -7 14 -38 -49 -4 29 35 27 -5 -24 34 -7 -17 21 -16 -49 -46 16 -28 17
-8 42 42 28 -22 -52 -46 -41 42 -27 -40 13 38 -14 -15 31 4 -5 46 41 49 56 7 46 25 12 59 46 -18 30 -19 -36 34 12 45 -18 -55 32 -41 -3 -27 -36 58 -35 -28 25 35 54 1 -45 -17 -21 0 42 12 44 22 56 -22 5 46 -52 38 3 -46 17 8 -44 -47 -30 50 -52 28 -7 54 -51 41 34 19 32 -24 -38 -42 33 12 -47 19 -20 48 38 -45 24 -6 -58 9 -29 -50 -47 -45 -30 34 -41 20 0 -48 53 49 50 -36 -25 -31 50 -59 -43 29 26 -18 13 -33 -32 -17 -49 -52 35 -5 38 -6 -43
-58 17 20 -17 -14 6 65 50 -38 -5 28 -7 -56 -30 24 -17 -61 42 -56 -50 2 -47 11 28 -53 -12 41 -38 -46 -9 51 46 -29 -27 23 -11 -2 -34 -12 32 -36 -7 -41 19 -24 53 -26 21 8 47 -43 -28 -11 -33 38 69 -31 -38 52 -29 1 -54 4 37 5 -13 34 -41 32 -39 10 8 34 -34 -38 -52 21 52 -24 -39 34 -42 -34 0 -31 -19 -30 25 -40 0 -7 -31 18 -22 35 -59 -25 53 -4 10 18 55 -28 -16 -42 -29 -35 46 50 5 -48 36 -24 48 16 -13 -22 -53 -33 62 37 38 -15 -18 -13 -46 25 6
8 -22 -53 52 -12 51 26 37 42 -20 -38 5 33 -2 53 56 -48 -7 -2 42 20 -46 26 -11 46 -59 47 16 55 17 -34 -2 55 40 28 18 58 -1 15 -11 46 45 12 -42 -44 35 -27 -14 4 37 -17 59 31 25 -27 -17 -5 -62 -6 -13 -51 53 48 26 7 -44 -43 -41 45 -20 -6 -58 48 22 -34 -28 -26 -17 12 -17 -8 7 42 -7 41 -19 22 -21 -49 42 -6 7 41 43 -39 42 26 27 58 18 -14 34 47 -21 50 -46 15 23 -30 -46 32 -11 20 -26 58 37 -31 -5 46 -8 -2 -14 18 49 -6 -30 49 17
-23 36 41 26 -20 58 -40 40 38 14 28 45 -47 -29 7 -19 57 -51 -8 -56 24 -8 44 29 55 -51 31 -35 -2 -12 9 13 44 4 45 -35 -57 -1 -37 36 2 32 -31 4 49 15 -22 35 -43 -11 -38 48 -37 52 -8 -2 0 -31 51 -44 -56 15 56 8 33 51 37 33 46 -51 33 -27 21 30 -23 -1 38 54 -58 34 21 -40 30 -21 -6 9 -34 16 -23 4 36 -1 24 -21 -14 -55 -24 -48 -32 -39 -16 18 40 31 36 44 -3 1 -43 34 3 -16 -11 58 -35 2 21 47 -25 44 -33 -39 7 -44 -43 -51 48 25
54 -32 -51 26 22 24 -51 -44 37 -35 37 -17 -9 -31 5 -38 -8 20 42 1 18 -4 -45 23 -11 -3 -9 -58 2 -19 -16 -56 -40 8 25 29 40 41 49 -2 18 34 -22 -23 -15 11 53 4 32 10 15 -12 0 -19 -14 30 -31 -49 7 17 -43 -15 43 -12 -41 -5 -23 -26 16 -32 -53 -35 36 51 39 -39 -50 -53 -5 -20 -53 28 -14 -17 16 -19 11 -49 3 -50 18 2 13 41 39 -10 -30 22 12 -36 40 -30 -17 -40 53 21 -9 -36 9 -21 16 47 55 4 -16 34 52 -54 5 32 41 -30 35 3 19 5 -41 30
-34 -44 16 -34 -36 27 54 6 -38 -31 -6 -44 -56 -42 64 -23 -21 43 19 -5 10 0 42 34 48 35 -16 -26 25 -14 38 18 -50 -1 33 35 -19 13 -26 -11 -21 -49 28 -24 -33 -11 -16 39 4 -57 -24 -47 41 -52 39 58 -53 61 19 -22 46 -55 5 31 39 -17 24 45 -14 17 27 -8 -44 -47 -34 29 -12 -27 -48 10 38 -54 37 -48 -46 26 56 -9 -14 4 -55 3 58 23 -63 -12 -16 -42 17 34 -60 36 -54 -8 -54 19 -30 -27 6 -14 -45 23 56 52 19 -31 -46 20 1 16 0 -11 -12 47 -35 -51 -53 49
-3 -17 24 38 45 -36 44 48 -3 49 -53 21 38 -50 29 -58 -66 1 -16 -56 45 -41 33 -10 42 -22 -64 33 -42 -44 2 -58 -45 2 38 -46 -10 -3 3 47 14 1 23 51 33 20 45 0 -32 -21 48 56 -22 -45 59 24 -55 36 -37 -56 -12 -11 -2 -4 47 39 -4 -31 41 -50 -54 39 26 -21 -2 5 20 22 -52 23 59 -39 -33 -56 51 -38 -36 60 10 -58 44 23 46 1 49 -40 -49 -14 -12 -18 -10 -14 -53 57 1 -18 -25 44 43 -23 5 19 28 17 30 2 55 -28 7 -50 -8 54 6 39 6 -4 14 -31
-31 -26 28 -33 -22 -36 -33 -5 -55 -16 -25 23 51 -61 -4 -55 -12 -52 -15 -30 -29 38 5 -8 -32 -31 68 -32 -13 59 -4 46 -32 51 -40 -11 31 34 48 -6 -29 -53 108 65 28 -63 -60 23 7 9 37 -8 1 21 12 -53 50 -50 31 18 -11 8 3 -23 -18 14 -8 -21 -17 -17 43 58 -10 -3 51 -56 -30 -4 56 57 -39 0 57 -5 -31 57 33 -31 18 -40 -58 -52 -4 36 24 33 73 18 -35 -49 11 -29 49 20 -45 -65 -19 -31 -76 -13 -20 -14 -63 -31 -76 -53 8 -35 15 -80 22 -57 -6 23 -21 0 21 -44
47 -23 -6 36 -61 40 -52 -51 36 16 -16 -35 32 11 18 -15 -16 -34 14 58 -54 32 0 13 -30 21 -43 52 -12 -43 6 39 24 43 14 29 15 -44 33 -28 10 17 62 -12 6 52 -38 0 2 14 -55 -53 54 53 -33 58 -19 -11 26 -60 4 -45 -27 57 42 26 -52 -48 27 -31 -51 36 -50 0 42 -59 -32 -40 -23 50 52 -12 47 -20 -31 24 -9 -52 34 -37 -6 26 19 -10 34 -5 31 -21 -43 -45 58 31 -13 2 -23 47 20 28 6 -1 53 -7 -21 40 -44 -41 45 -32 -47 -3 -59 -4 -19 25 -20 17 5 -34
-2 13 45 -23 -59 -4 69 17 -39 54 6 74 20 -8 -29 -47 -43 -34 -26 -46 42 10 -55 -26 4 5 -66 -59 37 -28 28 -22 53 -13 -20 -47 -56 39 -31 -20 0 5 -18 -17 -48 -1 -28 -62 -39 -33 54 -34 -47 40 53 -39 12 55 31 43 -48 -53 -6 72 -18 -28 -57 -18 30 53 35 14 5 11 1 50 53 45 -14 -67 55 -22 52 11 -55 -15 13 51 -8 38 31 -23 -18 -63 -47 23 -15 59 42 68 -56 -26 5 16 -59 61 25 2 53 -31 17 -41 31 54 48 74 26 12 46 13 -2 -25 -2 -29 11 -56 -44 28
3 -10 15 -59 40 46 40 41 54 6 56 48 -47 -21 33 -22 53 36 -34 12 -3 26 -13 40 -48 7 -8 21 -17 33 3 -58 -47 -6 -50 -30 55 33 -28 -18 1 -59 -44 -57 20 14 -59 25 -41 -12 -47 -2 56 -37 -18 20 13 -3 36 -36 30 -34 30 34 31 31 56 -12 33 -51 -45 26 43 -47 -42 17 20 51 21 -45 41 27 -53 37 -39 42 -49 -1 -1 59 -31 -14 14 -14 -42 50 -10 15 -9 -41 59 16 -31 -34 49 -13 -13 48 36 -12 -49 -22 58 36 1 -44 15 -10 -13 -52 -25 3 13 6 45 20 -21 48
-29 -37 52 21 -48 29 -59 56 12 56 -25 -56 17 25 29 48 29 15 58 -18 -26 -42 -11 40 -53 -21 -15 30 26 50 38 -23 -28 -51 50 -24 30 8 16 23 -33 -14 11 -24 -16 1 -39 -52 -29 31 9 32 -46 -26 -19 25 43 -52 -42 54 -33 45 -44 -50 -32 14 54 -26 26 40 35 54 -26 21 -38 -33 18 -19 51 55 -49 48 50 0 42 40 32 -53 59 43 13 29 49 -32 -54 -29 -43 -12 45 46 29 13 45 17 -26 -35 -11 -59 6 4 1 -16 -51 42 -26 13 -28 28 -32 27 -8 58 20 -26 -44 -16 -56 28
-60 -48 33 13 5 -15 -55 20 -36 -8 -46 41 -3 -59 -34 -6 13 5 -36 -53 42 -18 -16 39 -39 47 -36 -23 9 58 -1 32 -12 18 55 36 -20 -32 35 6 -53 -35 -8 18 25 26 54 -12 6 12 -38 27 -40 -31 6 11 -41 0 -3 42 40 -5 -55 -43 -27 -29 16 -56 30 58 19 -3 45 -56 -18 -48 4 15 -1 7 -35 9 38 -23 55 32 24 -54 -23 4 -23 15 35 14 57 46 -16 -44 -35 -26 19 -7 23 -59 -52 -20 -19 5 -25 -13 -33 -14 -33 29 -28 -57 37 -9 25 -52 -58 12 52 -24 -21 52 10 -33
-32 -52 -34 36 -36 -20 -32 -10 -49 -44 -31 67 40 -15 -17 3 -3 13 37 -34 27 17 18 20 -36 -37 -50 -10 38 36 -5 35 -16 -54 59 40 60 -68 -15 3 60 57 20 -9 -11 40 53 -5 6 -45 1 -22 -26 40 -16 0 47 50 -28 -20 -30 -26 -33 -27 -58 -64 43 -19 58 30 24 -47 -20 15 9 -14 54 20 21 -69 -39 -2 2 57 21 -13 -54 -29 -13 23 -62 -29 -36 -75 -26 -46 -63 13 -38 -31 56 -9 -14 67 -35 41 -61 -15 78 36 51 -25 -22 64 28 47 22 34 -18 -12 -62 -20 34 -11 -5 54 40 65
51 45 32 28 -44 -15 38 -53 -59 3 -25 -15 -13 -52 -12 38 49 2 -52 16 15 -5 -10 -16 -14 28 36 0 -43 37 -58 43 -48 4 -32 -33 34 31 59 -18 -17 -33 -52 2 -10 12 31 58 -5 -23 -22 -42 38 44 -15 -41 -42 -57 53 -9 44 -4 -35 33 -32 6 46 -25 -44 -12 -28 60 -50 -59 -30 -45 42 -12 -22 4 34 6 -33 32 47 -5 31 45 26 51 56 -5 28 20 49 -9 -10 -13 -50 36 -60 -49 37 -38 -22 15 -43 55 48 29 37 -50 -47 49 3 -23 -4 -57 -53 -34 -54 -28 -37 -11 54 -26 52 -1
-43 54 -12 58 22 37 -26 -17 43 23 -65 71 -34 56 26 17 -11 -41 -2 58 34 -8 -51 27 20 -60 -52 3 -4 9 28 -37 -33 4 -32 -19 52 24 53 8 35 9 -76 -57 -28 3 -27 43 47 7 -32 6 -25 -20 -29 0 -38 43 -1 -62 16 -32 1 43 18 -53 25 -51 76 -25 56 -70 -41 -24 40 56 -3 58 24 26 50 -41 -50 11 -4 -55 5 -33 -18 -1 41 -59 -9 -47 -19 -17 30 22 -36 57 -28 -53 56 38 48 15 12 -12 24 29 -52 -12 3 18 -13 -10 31 0 50 55 22 -6 32 -30 39 -17 52 74
53 -56 -43 -14 -36 -45 62 -24 31 -22 -24 3 -54 16 -42 24 -44 -13 -58 -45 -18 -52 -32 25 -58 -57 32 -14 -58 -5 -44 -19 -26 1 -4 -51 -4 -38 -12 -18 1 29 -84 32 -40 -7 -47 10 14 6 15 -19 11 29 9 3 36 19 25 38 59 28 -14 35 6 -32 -54 -30 53 39 33 -13 -14 -6 19 44 -11 -5 39 35 5 -1 42 -38 -41 5 -74 49 29 -12 -65 -7 5 11 -10 -53 -9 -44 58 68 -5 0 -8 52 -18 32 18 47 1 -65 39 30 30 44 -7 51 -36 29 -18 54 -47 14 -35 -21 -30 -56 2 1
48 -7 -11 35 20 -57 9 -23 -14 28 -52 -35 60 36 56 39 21 49 36 15 8 -48 -1 -23 -19 -7 8 56 -16 -23 55 -9 40 -46 39 -31 11 -13 -1 -45 -20 4 17 -23 34 53 -11 3 13 -28 -25 -48 -31 10 -37 -33 -59 34 -44 7 -58 -2 29 22 -56 -31 59 50 -35 -10 4 -17 -15 -8 -16 -59 -15 14 -35 59 -59 -34 4 42 -6 -39 51 10 -60 39 21 43 18 -17 -53 58 -58 3 -53 14 -7 46 59 -58 -23 -13 56 -7 25 24 58 30 17 -14 -38 -21 30 41 58 -27 38 -5 -3 29 -38 -11 4 4
45 -36 4 -44 -47 -18 -9 61 -18 37 -31 56 -22 55 -27 6 -28 -26 -56 -32 -57 -1 59 -41 -16 4 29 16 -36 33 11 41 15 -29 -49 46 -17 -16 -41 51 53 -41 -72 -24 28 28 -58 23 29 -42 -36 -41 -34 25 -51 40 51 46 -53 -69 -44 19 -33 13 -36 -25 -59 -19 55 1 34 -58 24 47 55 35 6 2 -31 1 -5 -35 -56 -12 15 -64 -69 18 -50 -17 40 -5 7 -63 -17 25 -27 51 -8 13 4 -23 18 -7 -55 47 43 51 66 -64 31 -30 -21 12 32 -10 17 -27 -49 37 -36 -34 -7 -15 -23 -56 3 -47
-45 58 38 -52 -38 -15 40 -41 31 -1 -1 -33 -15 -45 16 33 46 -31 -45 -14 -12 37 2 55 26 26 38 22 -52 -9 -33 10 -9 -27 25 -59 -9 54 8 -1 24 57 45 -12 31 19 19 -19 45 -12 -49 -15 -1 -58 -18 -58 15 0 -35 18 -18 -56 54 -16 35 -18 -52 -25 36 -14 -23 -31 40 40 52 59 -59 -14 20 -40 -22 -33 31 -58 31 -3 -16 -1 44 24 -28 -39 25 -52 -32 -1 60 17 -22 27 9 -6 58 1 -27 -26 42 -30 -44 12 -31 -28 45 6 34 -41 53 -52 50 -59 58 -20 -15 24 50 30 -16 -35
-2 45 -34 56 28 8 0 5 32 -2 -20 -51 33 -44 -6 11 -36 -31 39 -34 -49 17 32 -53 46 39 7 25 17 19 49 23 24 -21 -17 34 13 -54 -43 -43 -55 -7 1 -44 6 51 19 50 -58 37 -23 14 -15 -20 -33 -28 -17 36 16 20 -7 22 -7 19 -18 -53 16 -13 -47 11 11 -31 -17 10 -35 -14 39 -50 31 -56 -38 32 -11 29 16 61 -28 18 44 52 59 -1 17 47 -54 44 2 -37 -44 18 -47 -39 23 22 -33 -27 -18 29 -11 47 16 -11 -5 -41 31 -2 0 8 46 12 14 -23 -40 42 35 28 10 -22
-21 -11 -65 53 40 -6 -67 -7 -44 -42 -45 -18 -30 19 34 -57 -35 34 -5 11 -42 29 -61 -37 -23 28 13 41 10 -47 -66 15 9 13 37 17 -3 49 20 -57 -29 -59 2 49 13 -61 -26 9 -46 -7 39 10 72 -1 -2 -17 9 -36 -59 -34 -18 40 -41 -54 -17 -28 -45 2 -22 1 22 -12 31 -68 -47 -3 -43 -49 -60 22 -66 44 -42 19 -52 61 -22 -12 16 -32 38 41 -12 55 72 -44 43 -20 44 -11 51 28 10 -39 -16 37 -38 35 -36 55 -27 -53 -59 2 -16 -47 -55 -14 -18 23 49 -31 5 -14 -43 -50 -57 -58
-52 35 17 -15 44 -34 -29 -23 -59 34 39 6 43 56 -24 -3 -49 50 11 -39 7 -16 -31 7 -23 47 51 -3 -60 -32 8 3 -33 -50 18 -28 -26 -55 -32 -3 -8 -30 -22 -38 27 18 53 32 27 -53 -29 -37 4 -32 9 59 -21 46 -1 -26 7 5 42 39 -39 30 -4 -21 -47 19 -50 27 45 6 -30 55 7 -3 6 -16 -22 -5 -45 48 -1 15 -41 -45 -61 -6 25 17 -8 11 -12 -1 23 44 54 -32 8 -31 43 -38 15 -51 59 -39 20 -12 49 -17 9 -57 23 -26 -10 39 18 -13 46 45 -24 -50 22 -52 49 17
0 7 -43 58 50 -31 38 -56 7 -58 7 -46 11 -39 34 -34 37 49 -23 30 -14 -52 -51 -37 -45 -6 -5 -25 -47 44 25 45 3 42 11 25 35 -10 -1 44 16 13 31 50 53 57 50 -28 -2 46 53 40 -48 -31 -45 -18 -11 -6 2 -27 50 10 2 60 47 -36 -54 -4 -46 -31 -49 -7 -7 4 -13 21 6 -24 -37 18 -53 -47 -59 -38 25 -51 -43 -39 -4 -47 -24 -2 -39 -53 52 12 26 44 -40 -12 45 60 -46 -4 -56 -36 54 -12 28 -19 45 -14 40 -23 -45 43 28 -52 -53 2 -24 17 16 -7 41 -35 -11 6
18 7 5 58 28 -35 -1 -41 -46 31 -17 -4 42 37 33 -11 53 57 7 -42 -30 15 -54 42 -53 -6 -36 48 -39 22 -24 35 24 54 26 19 54 -2 41 -43 -54 -7 -2 -19 8 35 44 29 38 16 -29 -24 52 2 47 -4 -44 51 55 -25 -47 55 -52 21 34 -28 9 13 10 -4 30 21 -15 4 43 16 -38 -57 -4 31 46 -59 -23 35 23 -43 -45 -37 -32 21 12 27 47 -32 25 45 -34 57 -45 39 45 25 47 -21 19 41 22 -7 -21 -26 -28 -48 20 13 -15 14 -8 28 -41 -29 53 -3 27 -5 57 -6 59 -15
-44 15 5 29 24 -18 -58 -36 42 57 58 -5 -1 47 0 25 22 -49 -31 19 -19 -39 -34 -46 -4 41 -33 10 -8 -16 -33 34 -26 53 48 5 14 9 -46 -34 -17 6 -36 -15 -29 -26 -41 33 39 21 -30 -48 43 -33 -8 -35 22 -54 16 39 54 12 55 -48 18 -17 -3 -22 60 -2 -1 -42 -21 -26 47 34 25 13 -50 23 -35 27 -15 -45 -27 -33 0 1 -17 16 -55 -14 20 57 16 -16 6 59 2 -6 29 -20 8 25 41 -42 -34 49 58 35 39 -16 -56 -20 35 -5 -45 22 -40 -56 -17 -29 -25 -28 15 29 1 -46
26 -58 8 -37 10 3 -20 -34 12 27 -39 2 7 47 26 40 -15 55 19 8 24 14 54 -2 -36 -43 -54 23 47 30 -9 -28 56 47 -1 -4 -10 21 45 -48 -3 29 -25 -5 54 49 24 -9 -38 16 -1 12 48 -2 44 -44 54 -11 -29 -45 -21 -37 -50 38 55 58 32 -47 -47 20 -33 -19 56 23 49 -52 38 29 -7 -51 41 48 -49 44 -13 4 8 1 -42 -40 -59 -46 2 -49 -51 -16 -43 9 -7 -43 -13 -5 43 -46 -2 -40 -32 40 25 -56 -49 19 31 -32 -19 -39 52 -33 -33 42 -35 -2 53 57 -28 16 40 -4
-12 56 27 -22 39 -46 31 28 53 -48 -3 14 -30 9 -40 31 -16 -4 52 -3 -49 -27 31 60 -19 -43 31 -71 45 10 -7 -55 -48 -53 29 -14 -17 -47 -37 33 5 -5 53 -45 11 56 15 -33 -25 13 30 30 -8 -45 23 -39 -16 3 -35 -11 30 5 51 -25 10 -12 10 -24 -8 29 49 27 -22 5 -37 9 -50 23 -17 54 30 40 59 3 36 50 55 -18 -54 21 5 -58 -40 0 51 -41 16 22 37 -55 28 39 -55 -46 -36 48 -20 -45 10 -8 -30 35 6 8 -29 49 11 46 -52 -47 8 -25 -1 -54 19 48 -42 4
8 -60 -57 -28 48 -26 -63 -12 55 -3 -41 -96 26 6 -44 -32 53 12 -18 -52 33 -51 -39 -42 -10 10 65 -40 53 -49 -55 -30 30 -41 44 35 -5 58 17 5 -5 -25 59 41 -44 16 -55 34 53 57 6 -22 22 72 -6 -89 23 -67 -17 90 -50 -28 -2 -70 11 84 -43 7 -27 -84 -32 38 25 -92 -1 2 15 14 1 32 -25 -45 0 -9 -53 87 81 -45 40 33 19 -53 -10 50 44 32 47 -34 -34 1 36 5 -46 -96 -58 -36 4 -16 -20 80 43 -33 -9 -43 -17 -28 56 -55 27 -24 35 -44 -55 55 -61 -28 22 -48
44 -29 -5 -47 42 -51 45 -16 -26 27 23 48 -12 -9 25 -7 15 27 -20 16 43 -17 -51 11 -5 -67 -40 -46 16 33 38 22 44 -10 19 56 42 52 -59 40 42 -30 13 -15 -31 34 -51 -7 -17 -29 46 -11 56 53 -13 48 -57 13 -53 43 54 24 -34 -41 13 3 12 -52 -49 -4 21 -2 24 20 -1 48 36 25 -14 29 -38 -74 13 -14 33 -48 -36 -25 24 21 -27 39 21 9 -6 18 31 9 34 -44 10 10 19 49 11 19 9 -9 -37 25 51 -45 -42 1 27 24 11 44 -57 -1 45 42 21 -18 10 -15 50 31
-58 -9 -28 -3 -42 -5 63 35 -14 -43 11 3 60 26 -26 -38 -60 -38 7 -17 43 53 1 54 33 10 39 -26 10 6 26 57 33 -14 -11 -5 -11 -22 56 11 43 -18 47 57 -14 -52 -1 9 -8 -16 39 -62 19 18 -56 19 -22 45 -49 -41 18 30 40 -16 2 36 -42 -58 -48 -24 39 41 -32 4 -1 -21 42 -43 46 31 52 -39 -47 25 -44 51 52 30 -48 22 -20 46 -56 47 23 9 -14 -27 34 39 13 -5 -22 54 -24 5 -15 -25 54 6 -56 33 41 49 15 -17 15 -22 4 -9 -44 44 -17 23 23 -35 4 -43
-9 23 41 28 2 49 -5 14 -2 0 26 58 -19 -24 -32 -51 30 37 -50 1 -43 59 3 10 -62 -24 -61 -39 -56 -3 7 -55 48 -34 -43 -37 -40 3 9 -32 -36 -49 -55 28 52 3 -19 -60 23 -9 -55 43 -45 -31 63 -35 -41 8 32 -11 -36 23 0 0 11 19 14 45 -46 -20 44 -18 53 -12 29 -47 56 -37 21 35 -27 -30 -30 35 57 8 -65 -12 -30 -59 -11 31 14 10 34 1 3 -54 16 53 15 -48 59 55 -5 55 -28 -34 -25 -3 -19 21 30 -26 -25 61 49 -26 -27 -47 -1 58 28 -45 37 1 -14 -23
-62 37 -33 42 -34 12 -14 -1 -35 27 44 39 -45 -10 -44 6 -9 -27 -56 -36 -3 44 -50 63 -53 -18 6 -57 -41 24 33 24 -52 -56 -43 -46 -36 15 6 58 46 32 -39 -18 -5 34 -52 -65 -27 50 41 50 -29 47 46 73 -58 61 -51 23 -58 -29 22 -31 48 -29 -49 -33 -12 -29 25 -1 18 38 17 -10 -27 -17 -31 35 12 0 54 -3 13 -9 50 16 23 -53 31 -56 44 -27 26 -10 38 -34 1 7 -42 -52 -15 55 57 -26 12 -54 31 23 35 6 -51 54 69 53 -17 33 53 10 -29 6 53 -27 58 -11 -27 12
37 59 24 -31 -10 26 -22 58 58 -17 -33 -44 10 51 29 -34 3 6 15 -14 33 -41 24 -30 32 -9 40 -37 -12 32 37 25 -14 49 -5 53 0 40 1 -3 -2 0 46 -46 -20 -49 16 7 28 -26 -2 -43 46 15 20 36 -36 36 -1 -31 -19 35 16 -27 46 -17 32 0 55 45 60 -42 -12 -8 -57 -16 8 -12 51 2 43 -70 56 52 11 -47 -8 27 23 6 -7 -4 0 18 -9 -56 -36 10 49 26 22 -51 -21 51 44 -45 16 30 9 -23 48 24 -20 38 52 15 -9 -3 49 17 46 6 -4 -22 -21 3 -40 60
21 -56 43 -16 48 19 -25 65 -8 27 -40 -11 -13 -40 53 -4 -52 37 -13 -7 28 -21 -34 73 -26 58 -19 -21 -21 11 -32 40 -40 -40 -55 22 -33 -67 -49 38 59 -56 -84 -57 -17 -6 49 -66 -5 0 1 3 -30 43 61 35 -38 66 -49 38 -54 14 -47 49 -45 -68 14 -14 39 -19 12 47 18 -9 -7 -2 33 22 41 -27 -2 11 8 -24 -50 18 37 57 -6 42 16 5 23 12 -69 -32 26 -32 40 53 -22 47 -52 63 -10 -6 -9 -8 -22 19 -38 27 45 49 34 -4 19 -18 27 37 -9 2 -5 -36 -22 -1 -24 38
17 -3 5 -9 41 -14 -37 8 -53 -35 37 23 14 -39 54 37 26 -48 12 47 -18 35 14 61 23 -49 43 -7 36 -9 45 -49 -60 -9 -12 31 -33 42 -49 -46 50 54 -40 -17 -3 42 -25 -11 -50 1 -39 -11 -26 21 -3 51 -5 32 -28 4 -23 -24 13 2 -57 -30 -42 -1 34 59 -44 51 -20 47 -26 19 -50 -50 -43 -46 -17 -49 -52 -33 -54 16 -38 66 6 33 -59 -18 -7 -27 20 16 -20 -22 -54 16 -48 -12 -26 21 -56 68 6 21 55 -27 5 -29 63 46 21 22 -13 26 -59 9 10 1 -50 54 -32 -25 -31 26
-23 -46 3 -5 -50 47 19 21 -5 -21 48 34 -7 6 -53 -32 17 -5 -51 -50 15 38 -41 -8 -46 -7 -39 -2 49 41 29 -48 -2 37 -32 -19 -4 56 -38 -39 46 -10 -37 3 50 60 24 -59 2 38 21 -6 -49 -28 53 -49 60 45 -55 -47 13 -3 1 11 42 -26 6 55 55 -36 -58 -4 56 52 33 -21 -38 -17 -9 -52 21 46 -9 -9 41 -4 56 -50 32 25 32 -36 -48 -42 16 -22 40 59 18 -53 -48 51 2 -11 9 -42 -60 -28 -13 8 16 19 -53 -22 -10 3 -51 -20 14 -25 -37 35 -47 51 -48 -14 45 13
5 -39 19 -37 37 -43 1 -17 -40 -64 -28 -41 61 -36 -32 29 31 51 -21 -53 -1 15 -35 -78 43 -50 93 36 -1 16 -71 -40 97 -9 -26 -9 -31 24 -27 -55 -30 24 71 40 4 -57 -28 3 41 81 -8 -27 60 9 -98 -65 23 -71 46 72 29 32 -6 -11 37 60 -2 -33 -71 -18 -64 74 38 -4 -35 -30 -86 2 27 100 -47 12 0 54 -18 82 70 -28 -38 -39 18 10 -27 108 11 -41 106 45 -57 -26 -6 21 41 -94 46 -96 7 -30 -6 97 -18 -111 -65 -94 -53 -51 -37 47 -11 -40 72 -8 -55 42 -66 -50 4 -91
54 -39 12 -22 -53 -24 31 -18 34 -8 -9 -8 -4 17 -57 51 12 52 -57 -1 -49 -50 -8 -2 -9 27 31 -4 38 41 -32 -37 -58 41 -15 -18 13 -21 -27 26 -24 -56 -10 -11 19 -8 -39 -3 -31 -31 -24 3 -23 27 -53 58 43 -37 24 -36 -25 -42 53 -19 4 -48 38 24 4 25 49 -56 15 56 -12 -43 -24 -51 -58 13 -25 29 -41 -48 -58 -27 59 38 -23 -35 -2 -17 -19 -8 7 -29 18 49 50 -42 -51 -34 26 0 -17 -55 -4 38 11 -45 10 50 27 34 53 -29 17 -46 58 -8 36 -43 55 54 -5 -26 5 -52
-37 -23 33 -45 39 -50 24 -9 13 16 4 36 36 44 -10 -13 -26 10 -53 20 -59 -3 -8 21 -41 -25 -61 9 37 -55 39 37 -20 -29 14 50 -43 -31 -15 29 39 -9 2 -42 37 44 3 -38 27 10 17 -29 -58 -2 -43 -41 41 18 -6 64 -14 31 -14 21 -44 -45 25 -19 -6 -39 59 22 -28 4 33 16 6 11 -26 -24 -57 57 59 59 -47 44 49 -32 -51 -55 -16 0 -30 34 -13 21 40 -15 -48 31 12 -5 -59 18 30 54 15 -34 -21 -35 10 -27 26 6 -13 11 18 39 -19 42 12 3 57 -3 -4 -16 -41 -45
-51 -27 -23 -1 41 -28 -59 22 -5 42 -38 -10 -21 -56 43 -46 -48 39 7 13 27 -24 54 49 45 15 -10 -39 9 14 22 12 -33 -18 16 43 0 35 53 59 -14 -59 -11 -44 -44 -58 1 -22 -49 -56 46 -41 -4 55 -54 25 -58 -21 0 5 57 5 48 1 12 -56 3 31 5 -7 21 49 -43 -53 58 33 24 32 49 60 -39 -54 -54 -11 36 39 27 39 18 -56 20 19 -9 -25 -27 -38 -27 -26 0 -31 45 58 -51 0 -34 11 3 -32 -3 19 17 10 49 -37 20 -25 40 -45 46 45 29 -46 49 -49 -16 -50 -39 -24
-56 45 -12 2 -7 -39 36 -33 6 -3 18 42 -22 9 64 -32 -36 52 -22 -41 -15 56 -8 8 -6 -56 6 45 -27 -26 14 -44 37 36 -13 -11 -29 41 53 -4 9 4 -69 36 21 58 10 -30 -15 -27 9 41 -52 -24 -43 80 26 23 -58 -65 36 46 10 -13 -4 -51 -33 -23 11 4 -53 19 48 73 22 47 -25 21 1 -13 -26 53 7 -40 -37 -9 -25 43 40 34 -20 46 34 -41 -50 28 -20 1 -13 53 51 53 -5 55 -57 72 32 15 -16 15 52 8 62 14 74 79 -14 -54 -13 3 -72 43 47 -30 27 27 -16 60
-33 56 32 -4 -42 -16 21 62 -49 -40 -24 -6 28 8 -1 -4 -26 39 18 49 -40 -54 9 41 -41 31 -12 -51 -20 12 6 16 23 -21 -28 -16 -3 2 48 13 -12 53 4 31 -46 61 3 52 -56 -60 30 -40 -30 -37 12 -10 -20 46 36 25 -29 -27 24 -16 -43 -58 18 13 -33 -19 -57 11 41 60 48 -30 0 12 -13 -43 -19 -4 -51 55 -11 -50 -21 19 10 41 30 -22 -44 39 -15 -16 -48 -25 -30 9 -58 2 2 -12 -31 6 38 32 69 11 -53 30 -32 56 39 -24 -48 -15 4 27 24 50 1 15 -16 0 -58 -43
-44 -21 -7 -22 -15 25 41 57 -13 -46 20 -44 -26 24 46 -14 52 32 -46 58 -51 28 57 -47 27 14 42 -11 13 -47 -53 -7 4 -22 -57 -20 40 37 47 -29 -40 8 -36 0 -52 -30 23 31 58 -50 -44 -25 19 15 3 -39 -34 35 20 28 2 -50 10 24 38 35 5 23 -6 48 -30 39 38 -56 -36 8 -8 50 46 17 18 -20 13 -57 -26 46 -36 26 9 -37 -49 3 31 -5 52 -54 -28 -23 24 27 -34 -36 43 -38 45 -62 -44 54 41 -56 39 18 -6 6 -4 13 33 -49 34 7 -18 21 -52 -46 40 53 31 49
