-10 51 2 26 27 -38 -28 -35 42 18 40 -48 -47 -22 -47 -19 -47 -21 16 -2 -54 -56 -23 -9 1 11 32 5 -55 28 -17 -51 33 -28 -11 -10 -24 27 -21 51 24 45 -47 -40 -14 5 -10 52 22 -36 -10 -45 9 -18 -25 25 5 29 34 -7 40 18 -56 54
-19 -57 -31 29 20 -1 45 -8 -57 33 -51 -22 -20 -54 33 56 -52 -43 -23 -42 24 -22 -15 -9 -44 58 -32 26 -52 -39 23 17 -55 52 17 23 -18 27 -38 15 -1 -23 -3 35 58 -29 47 -38 19 4 -11 38 26 2 -5 -28 -18 10 17 -15 -34 -40 4 -22
2 37 -4 -41 37 -19 54 37 -38 52 -49 -2 -50 42 -4 26 -55 -6 24 39 40 -52 20 0 29 39 -42 -24 -3 -9 15 -32 22 37 -30 43 -28 34 -35 41 -40 -9 48 49 17 -1 -51 25 3 -32 18 54 24 -22 2 -23 16 -28 19 5 -20 -27 -22 13
11 -14 20 -17 -5 34 -28 31 32 35 -25 12 30 -21 4 -25 -13 30 44 -32 -47 50 7 37 29 -3 20 43 -4 -44 -40 -49 20 43 10 11 58 -35 -47 -28 24 -40 -20 -38 45 51 -34 23 -51 27 53 -39 52 -51 38 -1 15 25 51 55 -20 13 -50 53
-33 -20 29 14 49 -23 41 -18 28 7 1 -58 7 -43 43 9 51 23 -1 -22 -27 49 54 -37 -34 -48 -40 -19 48 -40 33 53 -39 33 -18 5 -22 -53 50 35 -43 3 43 -37 -32 24 -28 10 52 47 -19 56 -47 51 9 -18 -8 20 45 -40 -50 49 -52 -36
-2 -42 34 -12 30 2 1 26 -24 -15 -38 56 -1 -2 -6 47 39 41 -28 30 -16 -23 2 -58 32 32 -56 9 42 -44 55 -48 22 -30 -30 -24 11 -41 18 42 -16 -23 53 14 15 -36 -32 -58 6 -56 -5 26 -56 3 38 -57 -27 -32 7 -25 48 -57 -27 -16
65 43 -1 -1 61 21 -66 14 -23 -19 51 -10 -4 -24 -34 -45 -39 34 -21 3 41 72 -12 63 -10 50 43 -36 -23 5 47 1 -12 26 68 -44 26 -56 -31 3 -37 20 -47 -49 -18 22 -33 -15 -47 24 11 -10 -13 -5 -22 25 15 41 8 -16 -59 46 48 16
-11 -59 -9 -19 68 -18 23 28 -10 73 -27 15 -47 -19 -50 -49 -21 -46 -18 51 -50 -28 -49 18 40 67 -59 54 32 -16 -28 36 -44 -39 51 -47 19 30 14 -11 -28 40 18 25 -26 -3 3 -22 40 -10 32 11 -34 -38 22 13 25 -8 45 -26 -26 48 -19 6
49 -12 -8 53 -59 46 -40 8 13 7 11 8 -52 27 -14 52 -37 49 16 -48 29 29 3 36 1 10 -13 2 7 43 -9 12 51 20 14 12 -12 53 -15 -36 -3 8 -28 -16 -41 28 16 36 1 -43 -1 -4 17 3 -19 8 -25 -43 -15 4 -41 53 53 -55
-24 19 -5 -60 -4 -33 -49 23 -52 -10 65 -57 5 -10 -60 -22 -57 -13 -1 54 -50 66 -4 -38 -31 10 2 11 20 -61 70 -68 -6 -11 59 -7 6 12 39 27 15 -27 28 48 28 23 7 -53 10 3 -49 -59 10 -9 29 -34 17 24 -18 7 55 42 41 34
-50 -47 -4 14 -21 36 37 50 22 -45 -44 55 -34 45 51 -36 -3 27 -1 -46 -51 -16 22 -57 -31 -6 -2 17 -11 40 46 0 -16 -20 29 38 12 30 -16 -41 33 55 52 -56 -30 -12 -43 -7 -13 18 31 11 20 -46 58 -43 28 43 7 32 26 41 2 -41
-7 16 47 17 57 -31 -39 65 27 34 82 -39 15 24 -62 -12 34 11 -20 38 -7 5 46 54 -47 40 -13 -15 37 32 31 12 31 -58 3 3 0 -50 35 22 -13 38 -51 -14 -13 -52 5 32 21 23 6 -34 5 -17 74 59 63 -7 1 -36 -39 35 -20 -19
-66 -15 -30 47 -57 5 86 -67 -8 -31 -87 44 50 65 88 49 24 -38 81 10 37 -71 -12 -54 34 -69 86 -48 -9 -36 -29 78 27 49 -84 6 3 44 -2 -96 -12 47 -6 33 55 39 0 7 -4 -39 35 7 54 13 -15 -83 1 -39 -39 12 24 55 -4 46
27 -53 -3 29 -19 -5 -54 -29 56 13 20 -11 43 22 -36 -45 23 55 -14 1 -7 1 -46 3 14 -20 -44 -9 43 -4 -24 -4 11 3 -25 -8 58 -4 24 -7 22 39 -6 26 -19 -49 -49 -6 -10 10 5 -27 -30 48 -55 -56 -18 58 19 -34 55 -29 -36 45
1 41 50 21 45 -31 26 25 -17 20 28 0 29 -18 -1 12 -52 13 -18 -2 45 -7 -15 21 19 -36 -65 -49 22 19 -39 49 -32 56 -21 13 34 -9 42 30 16 24 -39 -44 -17 17 37 6 -35 -7 -61 -14 66 48 48 -17 45 3 -52 6 -10 -22 -34 -16
-16 -51 -49 44 -17 -41 -30 32 -14 -30 -9 12 -20 -30 -34 -43 -24 5 -9 36 33 -7 -20 -4 -29 -17 -24 41 -44 -11 -55 27 -4 54 -20 3 -11 51 10 -54 0 3 -15 14 -57 -51 24 36 43 -22 -57 -50 -19 44 43 -24 7 36 -40 25 -18 -27 57 -47
20 61 -23 8 -59 48 -33 -25 -1 -27 -37 -39 -23 -21 3 37 7 45 54 4 30 20 -37 -6 -35 57 -58 35 19 3 8 -47 19 -16 -14 -21 24 49 30 13 -44 -4 23 -32 -47 27 -1 -6 53 -10 2 26 -53 29 -23 14 -3 32 4 62 -56 -11 0 22
46 -15 -56 -7 23 -58 -33 44 5 -32 17 -5 -20 34 -18 5 -15 -6 -32 3 4 35 -49 -31 52 33 23 -15 -21 -47 0 -24 -35 44 50 17 -38 44 23 -59 7 34 -59 -33 -14 -36 -14 -25 34 17 36 37 -14 25 -55 2 -17 -13 46 -41 56 -30 52 -46
-27 -16 -60 11 -58 -17 87 -56 -58 -4 -54 -33 -42 30 -58 -39 -13 5 42 25 21 54 39 43 -50 -1 -41 -60 -25 -34 -49 -30 -25 24 -44 -52 17 8 -55 -91 -33 -55 -1 -46 -45 -27 4 -35 -16 49 -25 -25 -4 45 1 -55 0 -14 -49 -50 42 -46 46 -12
-54 43 -33 -19 28 33 19 -26 15 43 -54 6 38 48 38 36 5 -39 -40 -15 -8 5 21 -35 59 26 -39 -52 41 -29 -6 -12 -1 14 35 -4 2 -7 26 -24 48 29 14 -17 -36 -21 47 -35 -44 -16 1 17 -12 -34 -10 53 -3 -3 36 13 55 -45 -36 14
-24 7 6 -57 41 -28 -22 55 -15 -45 34 19 10 16 -44 -60 38 -27 45 53 -50 -10 35 38 -45 -30 -40 38 -12 47 -5 -19 -44 -5 37 43 43 -68 -3 12 -37 -57 -52 43 63 -3 25 -28 42 20 -56 -42 -23 32 -54 8 -53 -31 -11 -11 -7 -55 9 21
0 -15 -34 16 25 -44 -13 -30 -9 -37 27 -41 43 -27 -53 -36 -33 16 49 19 29 23 -1 -1 -20 48 29 30 -43 19 41 44 -48 -2 43 -22 45 9 -14 -27 -4 -39 -10 -25 -18 37 54 -4 57 -20 -43 -58 6 14 35 -10 -33 44 -46 35 -51 5 -35 -41
-10 -27 9 -35 -10 43 -52 -51 -19 3 15 -10 32 15 24 50 -14 54 -52 32 56 -11 -29 -24 -46 36 55 47 -9 -49 -18 -43 -26 -24 -19 13 -41 -26 -55 -51 48 22 37 50 3 -11 -28 6 43 36 -41 18 -7 -3 -13 32 56 -57 23 -52 -42 10 -1 -19
-19 26 14 -41 27 30 21 31 -46 47 37 -53 16 -12 30 2 17 -46 -36 -34 -43 -25 44 15 -24 -4 -16 13 -58 -40 61 -60 -54 -49 49 -9 26 28 13 56 24 12 -57 41 8 -29 -43 30 25 25 11 28 -21 -36 18 37 54 21 45 -31 -40 -25 -43 -62
6 -52 -24 53 15 -28 -32 -2 -30 -7 16 -2 1 -36 2 -5 32 -30 -64 50 -42 40 -52 -41 48 23 34 -26 -18 2 48 -6 51 19 -45 -6 3 -3 33 -14 -7 36 30 20 -34 -24 -17 38 -29 -35 23 -30 -17 -36 -15 22 26 27 16 -19 -57 47 -34 42
-54 -36 -72 35 4 44 -10 -12 -17 -25 -12 -25 30 -34 -31 -23 -14 -40 -27 -1 17 30 -13 25 37 3 5 -32 19 -30 13 -43 16 -35 15 43 -4 -47 -60 -62 -8 29 -39 25 52 33 -5 20 16 -20 -48 -22 9 -26 3 14 -59 -26 -23 -4 11 17 52 -42
-13 89 -47 -55 30 21 66 8 -34 -26 -91 -2 0 -41 48 -19 -22 15 95 11 13 -29 -42 -7 3 -39 19 -19 37 -47 -79 85 35 7 -86 31 -82 57 9 -63 74 11 52 -40 -7 37 0 89 24 -10 24 66 81 -17 -89 -92 -75 -43 -22 44 -51 -42 -22 -17
18 25 -2 -46 -49 17 66 11 32 11 -41 68 28 13 -43 -20 -51 42 -19 16 54 -55 58 -26 -5 37 53 -47 -20 50 34 23 -47 -50 -11 43 -30 -90 41 -69 -60 -48 -31 -2 -18 -29 4 0 -41 -55 -9 -34 -30 -55 -19 26 11 -49 10 -11 30 -8 3 -30
52 -16 36 -27 43 28 14 -5 -34 -25 9 5 40 -48 19 -50 -46 21 18 4 -1 -55 3 31 11 54 -46 29 49 -41 -51 -43 52 12 38 -45 54 -42 51 -15 -20 22 59 0 -37 -55 -8 -6 -19 -50 -47 53 43 -30 -7 21 3 42 8 -53 -49 -19 -54 -6
-40 -59 8 24 51 44 -14 -29 30 31 -40 -41 -24 -9 -6 18 -41 36 -56 -26 22 44 -18 41 15 -12 27 -38 -39 -52 -55 -37 -23 -57 41 16 52 -52 -26 -5 -6 -15 32 13 5 -47 9 -3 -45 22 -27 29 49 47 33 -14 -42 -56 -22 10 31 -14 0 2
29 40 -21 -25 43 -9 22 -1 -55 1 -7 -57 1 -7 -39 -63 11 -2 -33 17 -57 54 -42 46 -58 49 44 28 31 13 19 44 47 40 15 54 -20 -55 -1 -40 -57 13 54 -19 -29 -32 0 20 0 -55 43 -5 -41 -1 17 -8 66 -6 26 25 25 -3 -20 -49
-55 3 13 -52 -40 33 -46 -39 47 -51 -36 37 33 -50 -39 49 43 27 42 -18 -41 10 -27 -41 -38 -40 34 -4 -45 -5 -43 50 -24 -9 14 41 -39 4 29 41 -39 -6 36 -30 56 38 -46 -24 0 21 -29 10 14 -25 9 5 -11 51 24 52 17 34 -13 -43
-25 -6 -12 36 -6 54 -37 -48 30 15 36 22 -41 13 57 12 -11 53 59 -17 -9 47 -38 25 -30 65 -14 -21 -40 3 -40 -29 22 -32 57 -22 7 -47 -10 34 9 50 -59 -5 -21 8 -49 -24 -42 -31 -20 51 -38 39 -31 -1 18 -25 -53 1 3 -57 -6 -53
22 36 3 53 -51 54 -29 35 11 -54 49 -23 18 24 -41 -37 36 -49 -40 -28 42 -23 -5 -30 -47 48 13 -17 -28 -16 -36 59 5 -30 -44 -14 -25 -44 -37 -13 -46 -18 -26 10 29 -17 -35 58 36 42 48 -37 24 -34 57 -26 -33 -46 31 38 -15 -15 52 20
-48 -48 -34 57 -28 22 -5 23 -27 -47 -17 -57 -25 33 -9 55 23 18 55 54 -34 15 -10 37 -6 12 -44 30 -11 -7 38 24 -14 -31 7 -42 2 14 -19 -39 -45 5 -6 58 53 -39 -7 -23 -33 15 -12 16 -13 7 22 28 -5 -51 -42 41 -43 4 44 48
-41 42 1 -29 -39 -58 -7 -56 26 -13 39 21 54 26 -57 18 -47 -41 58 50 -7 24 -29 -11 11 -24 28 -37 56 26 -21 32 2 41 -18 -28 -43 -44 2 -51 0 -4 -16 0 7 -21 -25 37 -18 -41 19 13 -24 5 54 -36 -58 16 -26 58 -10 -35 -38 56
47 2 38 -2 18 17 14 32 47 37 -18 -7 57 -3 22 -17 6 42 45 26 45 -56 42 51 49 12 -50 29 16 -56 30 14 -20 27 -33 10 -57 3 21 32 22 7 51 -52 -23 48 -36 -57 -31 -37 25 -23 -10 23 39 -20 7 20 0 14 -51 16 25 -8
10 -41 -27 -47 -35 -51 45 -15 39 43 -41 -61 -33 42 41 39 8 -55 42 38 -11 33 55 -22 -25 53 28 -8 -50 10 -17 12 -55 4 47 51 -27 -23 -53 -5 26 -11 23 -22 28 14 -18 36 4 -47 -36 -2 55 -57 13 -42 27 -3 -21 -21 17 20 -49 -12
39 11 50 -26 24 26 38 48 49 -16 43 28 -16 -29 35 -47 -1 31 -42 -56 32 -8 33 59 -50 11 -15 -54 41 -36 -51 -33 33 -16 22 -5 24 -57 -5 45 20 32 -10 -59 -34 -54 25 -28 -32 29 12 5 33 47 1 35 7 5 -56 -61 -28 48 -29 -3
21 -14 57 -39 36 55 -11 2 -24 -57 15 49 20 43 2 -29 -37 34 -18 -43 32 49 30 1 -45 -12 -37 -27 39 -11 -35 49 -40 55 -24 -22 -26 13 18 -47 33 53 19 59 -46 -32 -16 37 -36 29 37 -4 -39 45 32 9 -30 27 57 -30 -29 6 -43 -41
11 -18 -21 -25 -40 -7 -53 41 15 34 17 10 6 57 14 29 -17 -6 -53 -21 28 16 -27 -57 -41 -33 -25 40 43 23 26 6 8 4 -52 -23 -16 28 52 43 -40 -42 54 -38 13 -30 51 46 19 -20 -40 53 -39 -46 -16 -29 40 39 -52 45 -15 15 33 11
-19 29 -15 30 30 22 -37 -50 28 36 -54 -7 -58 49 -38 -3 32 45 -22 34 -13 -14 39 -53 -26 -33 -59 -36 33 -8 -39 20 -52 -26 -8 -8 -29 44 -54 10 41 37 41 -40 50 39 -10 34 34 48 31 51 30 23 45 34 -10 -33 22 -5 -29 5 18 9
-22 6 16 42 -36 -11 85 -41 -52 -25 -41 0 -37 -22 -38 -28 47 -18 74 -30 -33 41 -25 89 -2 11 23 -8 17 -28 -19 5 -1 4 -25 -19 -65 20 -48 -72 -62 25 -8 -58 -53 -33 -2 -15 -101 8 -25 0 61 -79 -127 -20 -110 3 -36 17 -22 57 -7 58
-32 60 -36 10 -2 48 -34 -12 22 60 -32 33 -48 39 2 30 -51 35 -3 -54 -64 -7 -56 -12 6 39 49 -60 43 -13 -44 -23 38 -33 45 -64 -43 -12 50 -42 -4 24 19 -21 -9 56 25 41 -37 19 31 54 54 -49 29 -6 17 -31 -7 -35 -22 -7 0 9
39 48 24 -47 43 14 -27 1 3 -35 1 10 36 16 19 46 2 1 58 -10 30 36 7 -22 -49 43 22 11 -28 -6 33 -8 17 -13 25 -37 0 24 0 -53 43 -49 19 18 -39 29 -14 1 35 -17 -25 -26 47 48 58 10 11 2 22 16 47 43 48 55
37 43 14 -27 64 -39 29 26 40 42 6 -31 15 41 -47 -37 -30 -16 -31 -60 -20 32 -30 43 -46 -30 48 -24 -46 -25 68 -16 -2 -14 31 -50 -35 -7 -4 54 43 -37 18 -57 -16 -44 20 -56 -25 35 1 -11 48 33 27 16 -26 36 -47 -20 -11 -20 -47 17
-52 -59 52 -42 -9 -45 51 53 52 35 -31 12 3 -41 -10 -23 52 -32 -46 -47 -37 19 20 -4 -5 -45 4 50 15 26 3 -29 38 -26 -2 52 54 -57 -47 20 -8 1 35 -50 35 -10 -7 46 -46 4 -39 7 9 36 21 -49 16 40 -38 -43 35 18 -39 29
-27 87 49 26 -59 66 51 11 23 8 -77 96 33 -6 -13 -4 -39 -16 46 -35 -46 -73 -27 -45 44 21 38 -48 -2 -60 -49 43 30 49 -50 13 -6 -49 56 -2 37 15 36 -4 -49 88 -79 73 25 40 80 27 46 22 8 -63 -49 44 -41 11 -43 -40 -46 -4
-18 44 46 55 -23 41 12 -4 -46 56 48 -4 41 24 -4 -33 39 -4 11 -10 -22 -10 24 50 -49 35 40 -5 9 19 25 -32 -37 -47 39 42 43 -13 22 25 -12 -26 -3 -27 42 57 -39 -53 -25 6 -56 -13 -38 1 6 17 1 -52 -55 36 -34 22 50 -9
-45 41 51 -24 -19 59 44 52 -15 44 31 -22 -45 -19 23 11 -51 10 -47 -51 5 37 -48 -45 -16 46 52 56 -47 1 -36 24 -5 -35 58 -6 -47 48 -10 52 20 5 16 6 -36 -22 -5 -37 -50 -27 -19 20 46 33 -23 14 4 -41 47 -3 -28 -50 -32 5
-15 -11 16 44 -1 41 25 21 27 41 28 34 -55 -36 57 30 5 28 -18 -17 41 53 -12 -8 -28 -43 31 -32 10 40 35 35 -13 -17 -39 -38 -44 10 -40 -52 29 -34 15 -41 36 -15 41 16 37 54 -24 40 -41 43 5 -5 -21 9 27 -34 -53 -14 -1 49
-25 -55 -62 49 -50 -16 -26 19 -14 56 -19 -3 -17 7 -33 -16 6 -49 6 -54 36 26 10 46 47 31 -67 54 -31 -27 15 -4 46 -16 6 51 24 0 -13 60 30 3 48 26 -13 -27 19 28 21 47 39 -11 18 15 -38 7 -47 -32 2 -32 35 -21 2 7
-7 -10 -40 -44 -34 47 99 -75 37 -73 -40 57 -52 -8 77 43 -56 -60 1 17 49 -82 3 -81 -23 -70 38 -50 47 32 -43 78 -3 -27 2 32 -74 -63 60 -25 61 24 48 -60 26 3 -84 -13 58 21 1 21 49 -36 -65 3 -51 31 12 -9 -3 -32 -42 6
-32 60 -42 -22 -21 64 -7 -70 -4 15 27 10 40 47 60 24 -57 -32 77 49 28 1 18 -73 11 44 39 -21 -63 27 -46 66 -29 7 -18 29 -33 43 -25 16 61 -39 32 -16 -34 -28 -47 -22 -12 -23 20 38 0 5 -72 -45 14 -51 25 -26 -58 -45 -39 -54
20 -53 -8 -16 26 57 -45 5 -38 -3 46 -7 -4 -22 18 25 6 56 -10 52 41 55 28 66 -49 33 44 -23 27 -40 -44 3 -41 -34 31 1 59 -15 16 26 24 8 -24 47 19 -36 46 -42 -2 -13 -52 -35 -19 50 -25 31 39 5 -7 -13 -2 30 9 -37
44 -62 -51 38 34 -7 -5 65 -52 61 -23 37 33 44 40 -9 -15 -53 -39 -36 -32 20 -22 26 -10 63 7 27 3 20 53 -48 -23 7 -43 3 50 18 12 26 30 -54 -45 49 34 -29 -17 32 47 43 48 10 -8 -61 37 27 44 -57 45 -38 19 -5 5 -45
-16 -39 43 31 -49 -41 59 34 43 43 -19 -41 -38 -28 -11 18 -7 -53 2 -3 45 44 -60 -11 8 -7 33 22 38 8 49 51 -54 -28 -57 36 57 53 -27 -12 14 -40 -29 8 35 -45 11 15 18 -33 -32 1 3 -16 -5 52 33 -48 -22 57 -59 48 29 -6
-37 -68 28 -62 48 11 -37 -13 21 -9 42 31 -24 -38 -51 4 38 -48 -7 -36 11 58 17 0 56 44 14 -59 39 -32 -26 -64 22 -56 14 41 -26 53 -27 -7 39 -9 43 0 -4 -63 75 -14 -37 48 45 -44 -44 -42 49 68 70 -52 12 -12 27 -6 -8 -40
-32 -41 47 41 53 -3 53 54 -55 -15 -56 9 -17 -4 -44 28 54 22 25 30 -2 50 45 44 9 -32 -41 -52 -19 -51 54 -54 -53 -58 -33 43 28 -30 27 -9 -4 5 -45 -42 -43 -29 -18 10 55 53 42 -5 -41 -11 26 41 54 -34 5 51 -56 29 -38 42
-52 56 -14 -58 -7 63 15 -63 -11 -27 -24 -4 -28 -40 16 34 -41 -14 79 -60 11 -15 56 -4 27 3 -28 -2 25 -34 -20 -18 -52 44 8 -18 -16 56 57 -49 42 -11 -19 -22 19 60 -83 70 -36 12 59 -22 5 -18 -69 -15 38 -51 -10 44 56 48 -2 28
50 -6 -34 -46 54 51 -3 44 -55 50 -3 -23 -31 46 0 -56 -46 -22 -23 -45 -20 47 22 -51 -18 9 5 11 -13 51 23 -3 -3 -3 -17 -21 54 4 16 31 51 50 -37 -20 23 -14 -46 -2 32 21 53 37 1 -16 58 42 56 31 39 43 -11 2 -12 41
-9 -35 -21 54 15 57 5 49 -46 -50 -4 -37 -46 21 54 58 -31 -19 22 -33 -56 -53 10 33 -31 19 48 52 -38 -40 -16 13 -24 49 51 -15 14 15 -24 34 9 -35 21 24 0 -15 -49 -18 -45 38 -12 -2 21 42 -23 15 19 14 27 46 46 -15 12 -37
51 3 -53 2 49 30 14 -25 57 -39 -9 -30 23 -11 -54 10 54 29 49 40 19 37 20 11 -5 -57 -23 -48 5 -16 -2 -21 23 35 9 39 46 16 -22 53 9 -54 25 16 26 33 47 44 -7 -49 -40 -28 42 -25 -32 -26 -49 51 -22 15 37 51 -36 -8
44 3 -43 -32 -40 -44 21 -35 -48 67 28 34 -5 15 59 -12 51 35 10 -37 -7 60 -11 44 22 43 41 -4 42 -21 44 21 -43 -37 -16 14 2 41 -58 -8 46 31 -3 -56 -21 -1 -42 -24 0 -43 40 9 34 -59 57 56 8 16 -32 -21 -3 -51 55 -18
-23 5 15 18 48 -32 15 31 -28 -15 14 -29 -5 -17 -46 60 30 -15 31 -38 -48 50 -41 2 -10 -40 -25 36 -44 21 -17 -49 8 45 34 -61 -52 -55 -59 48 10 -33 10 20 -23 20 -41 23 54 28 -51 -30 7 27 -17 -18 -28 -30 28 12 53 25 7 36
-45 -17 22 -57 -50 22 50 1 -34 -30 -115 97 21 13 54 43 -50 -13 41 50 -60 -76 23 22 -38 -34 64 -42 27 -35 -40 96 -45 -49 -5 -17 -69 50 -35 -51 -8 22 40 11 18 86 -11 88 39 -47 78 -3 64 2 -93 -41 -3 36 54 44 45 -58 34 36
-25 -45 -39 18 -27 -39 24 17 21 11 24 -10 -19 49 2 -21 -56 -42 42 46 -16 39 -5 -10 23 8 -14 5 -13 40 36 -3 -39 40 -53 -22 23 -58 -44 10 -14 54 -41 53 -8 44 22 19 -54 2 53 -42 -49 22 -48 -49 -31 44 -22 47 33 -41 -20 36
-2 -13 49 -48 -13 44 -35 29 -5 -25 -45 35 6 43 -4 -18 -44 46 -25 -19 -39 47 -24 48 -56 6 -22 49 24 -6 58 40 41 -41 27 51 18 -5 23 -35 -19 56 42 44 -10 13 42 0 0 15 40 -33 20 -26 3 6 -42 36 24 -48 51 -40 0 -24
-35 -48 -16 32 74 9 -28 59 34 37 35 -51 -55 17 -72 39 -54 52 2 -49 -18 82 -32 23 32 -29 -23 48 -54 -46 56 -60 55 31 -14 -15 -8 -5 42 30 -77 29 -44 -1 -26 1 74 -37 43 -13 -60 16 -80 -60 -23 45 14 4 -37 -44 -60 30 55 50
-4 -7 47 46 -5 37 -1 39 32 -10 -2 32 -25 -18 -44 -51 -8 45 -43 -33 -7 49 -5 48 28 0 15 27 -54 -37 -23 15 19 -15 16 22 49 7 -4 15 -23 -28 42 -34 0 17 61 45 10 -54 -12 -49 -4 -7 44 15 -26 -17 -46 -3 -22 -5 7 -30
50 15 -55 24 -14 -52 -8 15 -46 13 31 13 16 -57 -47 -42 49 -1 -16 -16 33 -44 29 -32 -13 16 -12 -25 -34 -49 -16 5 29 -32 15 31 -3 -58 20 -47 -32 -54 -49 4 41 27 -46 27 -38 -57 14 -43 0 23 46 61 -48 10 -40 7 -48 3 -49 -27
-53 29 34 -25 5 -33 66 -1 26 -15 -40 60 42 -31 -44 43 0 -13 11 31 -30 -40 -33 -27 -8 -53 -50 5 30 -48 61 23 49 -27 56 -44 4 -1 -27 29 13 27 -57 56 33 -27 23 45 -5 35 4 24 7 35 40 -32 18 -41 -50 39 4 50 9 -28
-24 0 -44 28 15 -23 -18 -35 -39 -49 -12 0 -53 8 39 39 6 15 -38 52 1 -33 -7 -23 -54 -29 -49 -8 5 -50 -43 -35 -58 23 32 14 -49 6 45 -25 19 13 39 23 50 13 -38 -48 -52 -20 48 55 10 -28 -35 10 54 42 4 -53 25 -3 -29 10
-6 -34 -47 18 55 -75 -61 -26 -5 52 -29 -59 -58 -36 -45 -65 27 -1 -74 -53 -38 4 17 73 -18 73 18 8 -49 -55 37 7 -52 17 51 46 -14 8 -37 52 23 -43 4 36 -35 -67 63 -83 -31 19 35 -3 24 -15 15 83 -11 1 -43 41 -31 -23 -9 25
38 37 -50 -44 5 -56 -43 -4 41 -5 14 38 53 -28 32 -10 -38 8 50 -55 -52 -29 44 -24 4 3 -25 11 7 -38 29 36 53 -49 26 54 33 5 -15 38 -25 -16 -38 46 -55 -39 40 -11 36 -1 41 -37 -54 18 -8 8 35 22 8 31 -17 -36 14 -20
58 9 6 3 7 -15 64 5 54 -39 -6 -55 57 -3 -32 13 -41 -13 -28 -24 -56 47 23 58 -21 22 22 17 -44 9 37 30 46 -20 -2 -53 -35 -19 -33 8 46 18 53 57 -41 9 23 36 -35 14 33 -54 -26 -41 -37 46 -43 33 -38 -33 52 39 -18 16
47 -3 -22 -9 43 -32 -20 66 -21 57 20 -3 -36 -46 -60 35 23 11 -45 7 -21 -40 -12 19 -9 60 14 -23 -2 -48 12 15 13 -19 44 13 40 -27 -28 -43 -32 4 26 -26 12 -17 -19 -56 11 54 -60 42 -15 17 -2 -25 -39 -48 -41 50 -21 -54 -31 49
-30 -29 -23 -46 -49 -14 14 -55 5 43 4 -40 -32 -55 -14 -46 -39 -34 22 -27 -6 41 -46 19 40 33 -48 56 -32 40 -13 -44 -20 51 20 3 -22 53 3 -29 -21 -4 -8 -56 -27 -14 47 35 28 12 52 -34 -56 51 31 49 -56 -12 43 -34 -22 31 37 28
26 7 -8 -12 53 41 -49 42 -53 42 -22 45 -31 -55 -23 -56 -40 -20 -3 32 9 -23 23 41 54 -30 38 3 5 -58 56 55 31 16 -30 15 30 -28 -18 -8 -34 32 34 25 15 -56 25 -27 -17 4 41 18 57 18 56 -43 11 7 48 38 7 20 52 31
-2 5 -5 -32 -15 78 34 -43 -59 34 -5 -7 -1 -39 -11 15 14 -26 36 -32 -21 27 17 -32 -12 -27 49 26 -59 21 -56 77 -44 48 -60 -1 -59 -41 45 -52 23 -46 -62 43 -37 -26 -38 79 -52 13 34 -18 -16 -11 -37 19 -33 -32 -16 2 -44 -47 42 -43
-13 33 5 33 -43 -53 -44 19 46 41 -12 44 -39 -32 -42 -58 -10 -58 40 -33 42 -6 53 38 20 23 -10 35 8 -57 54 -20 11 -52 21 -1 39 -4 20 14 29 -49 -24 38 24 -40 69 -58 45 -20 -7 -50 -42 -13 52 -10 -29 13 -12 25 28 -36 29 24
36 -32 -46 -32 33 -52 -55 48 50 9 -53 8 11 -38 47 -24 -35 50 -35 -14 -39 -12 -30 55 0 -33 -43 13 10 56 -25 12 -38 -46 42 -11 -10 -60 -31 -53 -15 -42 24 -56 -20 49 2 -65 -33 -17 14 14 -24 -65 6 30 -43 -21 -57 33 -32 -36 25 34
16 31 50 -19 4 31 57 -50 14 -43 -4 13 -32 43 50 -58 -45 -28 7 -44 6 29 -6 -14 22 25 31 50 -47 -32 -47 25 24 37 -46 35 -3 -29 -34 -18 36 58 56 -4 -51 19 -21 -25 31 -36 -9 -18 16 3 31 3 44 -20 -24 32 11 43 -19 19
51 14 -34 28 -41 -40 -55 -28 11 41 -44 2 14 -37 -50 25 -58 58 -14 32 -20 7 13 -23 44 -57 -41 -16 -8 -54 -54 -27 29 38 58 -54 32 42 24 55 12 16 56 -20 -39 14 0 -30 40 26 40 -42 -12 54 53 50 -13 -11 22 36 41 46 34 -38
47 -46 -9 28 58 -32 -39 -51 -58 1 -48 23 35 42 26 3 -27 -23 -49 44 -39 57 -34 28 54 -33 -56 -21 3 -39 -49 -54 -10 52 3 8 -15 -12 -31 -13 -31 -49 18 28 -23 -20 20 -24 43 -20 55 -47 -15 -50 27 -4 44 -55 -12 -57 -58 47 59 21
18 -28 -17 -24 21 -2 30 -60 0 -44 -47 55 -55 54 29 -27 56 33 73 -17 49 -49 -16 19 -17 45 18 -42 3 5 15 -11 12 -14 -10 1 -37 42 -48 25 -12 -7 7 45 -59 55 -12 17 -34 20 -27 -29 76 56 -70 -65 29 -35 -20 38 54 -29 -40 50
16 90 42 50 -56 29 70 18 0 -26 -58 46 21 41 38 81 8 -5 44 -18 16 -48 -1 -94 -31 -30 32 -15 51 -13 -49 79 22 -52 -90 -31 -79 3 47 -44 -17 8 -28 -5 17 38 -92 80 57 47 34 66 60 87 -7 -90 -52 -53 35 -43 43 -1 1 -1
54 -29 -52 -26 -28 -61 -55 49 -27 -11 65 -67 -28 24 -11 -63 -15 -6 -22 -22 20 61 -10 -2 8 33 3 18 21 4 11 43 -37 -54 -11 18 57 38 -33 43 -53 -15 -36 -2 -20 -45 64 34 21 22 -52 -15 -35 -13 38 -29 -12 15 36 31 53 53 6 -54
-36 32 24 3 39 23 -34 17 -50 -27 50 48 -7 -37 19 -42 -30 -31 49 -48 8 14 -15 -8 -44 -10 -8 -11 -39 53 0 5 -60 -38 -22 -16 -1 9 10 25 7 28 49 30 35 32 -24 48 -6 -31 -64 -22 47 -29 -30 -26 22 -16 -29 -53 -46 13 13 -2
32 -51 23 39 -41 -6 -13 -52 26 -7 36 -47 -43 13 -49 -7 26 31 19 -56 48 3 14 53 -40 38 42 -12 38 45 -8 33 -30 -52 -50 -34 57 3 5 -56 25 12 -48 36 43 -52 13 -23 31 34 41 -44 -54 37 35 19 4 -26 -1 -43 51 7 -53 -53
-24 -47 7 -18 -9 -6 -1 38 -61 9 -18 -55 55 51 28 8 -57 -31 -4 13 -20 28 51 -54 -9 23 -33 57 49 14 -42 36 14 -29 18 -30 64 -51 23 13 -37 -52 -33 1 16 -23 -15 50 -12 -49 -24 -40 27 -56 36 -31 30 42 -21 43 7 -48 -44 -36
27 -34 -38 38 -25 -45 -50 55 -25 -20 45 -30 56 49 50 19 -9 -13 53 -15 12 4 -41 -28 -2 -50 -26 58 -2 6 -13 14 -3 4 33 43 33 49 -57 26 56 3 40 -24 -48 21 -9 -55 18 -52 15 58 22 31 54 36 48 -11 13 33 -33 -19 -46 -49
-49 -55 -1 49 51 -12 23 50 -25 -4 46 8 58 -26 -48 -8 14 -34 -25 -4 -53 -58 -45 36 -2 30 13 -8 45 37 -52 13 -58 12 -45 -41 -58 -46 56 -50 -32 40 -42 -41 13 -47 -11 40 26 32 3 42 43 -56 -49 -52 -10 24 5 -36 -42 -12 56 39
-14 -16 -76 -11 -50 95 89 -53 43 -31 6 52 21 8 53 19 -2 3 70 -23 -1 -46 38 -41 10 -5 57 -15 -32 17 -73 41 -43 41 -2 -63 -56 7 -29 15 -29 -55 -46 27 49 76 -3 -10 -9 22 -11 43 25 17 -49 20 -24 -50 45 -16 11 11 30 -18
-59 50 41 -19 -47 56 56 13 -54 -46 36 17 14 -49 -5 46 -37 26 58 35 15 53 -47 11 -58 -41 -48 -15 36 -19 -5 22 21 21 -8 45 -65 -8 6 37 -7 26 -29 -17 8 -18 -43 50 0 -19 -17 23 35 61 -16 47 -54 -26 -24 -32 -47 -36 38 53
29 38 -22 -30 -44 -56 39 -17 -53 -52 2 7 1 1 -34 -32 -25 52 -14 -48 -37 42 50 0 22 14 -42 11 50 37 23 56 7 19 22 -41 -9 -38 22 -23 15 -36 49 35 54 -9 -30 -7 -3 22 -8 3 -23 -32 -4 30 -20 39 54 49 -27 29 31 43
-45 10 -6 7 -21 63 111 -87 31 -72 -120 70 -37 -15 42 85 -56 32 74 54 27 -105 -53 5 -1 -22 33 11 -5 54 -99 105 36 -16 -18 29 -47 -16 83 -68 -26 -19 -7 53 55 65 -42 40 -6 -15 89 97 96 71 -103 -59 -64 28 -3 14 -27 58 -16 -9
31 -43 -5 13 18 24 -39 36 33 21 1 -47 45 -40 0 -48 -25 58 58 -55 30 25 -15 46 -41 34 -10 38 58 7 -49 -9 -40 -27 52 -31 0 -9 -16 19 6 42 -49 -51 42 18 9 -37 10 -43 -32 21 -1 14 -52 57 -4 -36 -20 49 -26 18 -52 -35
2 55 -55 27 -23 -36 47 -7 57 8 -6 -14 -50 -53 45 -41 1 -6 56 -45 -19 -50 -54 17 -17 44 -34 6 -32 46 -31 3 -25 -15 52 9 23 -25 6 29 -33 48 4 -11 48 -44 15 -10 -10 44 -20 -13 -32 -21 -36 37 -10 8 -16 45 22 38 -28 -45
-15 7 -9 -42 -33 -50 -60 67 -52 39 4 -44 -57 -46 6 -26 -27 -13 32 -46 34 55 49 -19 -28 55 -26 -37 -56 -44 -39 26 4 -40 38 21 23 -52 -47 -1 -41 26 -9 -49 -7 -23 26 -10 -65 -25 -30 -49 -48 49 -33 -7 13 40 -35 -24 52 12 -22 4
10 -9 -23 41 32 9 16 54 0 -54 -37 42 46 2 36 -31 -54 2 -34 37 17 31 1 4 2 9 7 3 45 -1 29 31 -29 29 30 43 32 12 -6 -54 15 2 -20 39 55 2 -55 7 -10 21 -16 21 -56 -43 -34 -8 -7 -33 -40 36 -56 56 -15 -10
4 -7 -30 -8 19 -59 10 10 19 8 -44 53 -7 -56 -17 10 4 43 47 18 -18 50 26 -57 33 17 -40 32 0 6 -2 46 -13 52 47 3 12 15 43 17 35 20 -43 -29 43 -57 -16 10 -3 16 0 -3 -20 47 42 -15 -20 18 -36 -11 -37 42 28 -6
-36 52 -29 22 -45 41 -42 28 -21 48 -8 53 33 6 57 38 52 -27 21 52 22 45 28 53 24 17 -57 49 -22 -12 55 -4 15 40 0 6 7 -28 54 3 10 55 -47 -26 -29 4 47 44 57 -4 6 -57 10 24 59 -1 26 -22 27 -51 -53 17 33 55
21 -13 -56 -32 -18 -46 -6 79 -12 2 -19 -70 -1 31 -34 19 38 5 -41 29 -53 0 1 19 -50 20 38 25 -36 40 50 -60 -27 52 25 1 -19 -61 49 59 11 11 10 49 4 15 63 -27 -15 -2 26 -35 -73 10 52 51 63 -20 43 -45 -1 -1 -42 42
-12 38 1 -16 -22 -32 48 50 -4 -36 19 -10 23 -53 -30 54 45 33 38 -44 -3 2 -29 42 37 -32 26 -21 20 6 -51 24 39 -6 -24 7 14 14 -34 6 10 -35 9 0 55 -53 -17 13 54 -11 35 -10 -38 -6 -6 38 -21 -47 35 -6 -38 -32 -53 -42
-26 -41 -14 -63 5 17 -44 39 -35 54 19 -66 1 0 -39 -67 -14 -57 30 33 -17 9 40 40 34 49 -60 36 -6 -33 36 -42 15 56 59 -25 23 41 49 -47 36 40 -40 56 25 -24 30 -63 10 -8 15 -20 -30 0 -45 6 22 41 48 55 -46 -10 51 38
-55 18 47 23 -21 -40 -18 -37 44 1 -43 -33 55 28 -29 2 -17 -48 62 -25 52 13 -33 -47 -55 -35 42 31 2 30 -52 29 34 -58 49 -41 -4 -15 -44 15 36 34 -53 -44 28 -49 42 14 35 11 -57 36 -45 -42 24 5 -6 -11 -21 -42 -3 24 14 58
-50 -11 8 36 46 -4 -5 25 -53 9 34 21 46 -2 -45 20 21 15 14 51 -20 52 4 -28 52 33 49 -59 14 -15 -43 -44 39 -49 -45 -9 -51 -31 -6 25 -18 22 42 45 -33 0 -11 -5 5 -25 -45 -38 9 -47 -5 20 -40 34 49 28 38 39 20 37
1 -14 30 -14 16 7 -11 53 -47 48 60 -30 -13 -51 -35 36 -1 44 36 37 31 40 -42 50 40 -19 39 -58 -16 9 17 -43 -21 -49 51 2 2 -35 39 -10 -10 34 23 -5 -62 54 41 19 -26 -19 49 8 23 -23 70 61 50 14 -33 4 53 -50 -39 46
32 21 -40 -53 -77 46 57 -64 -10 -65 -48 8 -9 24 61 44 0 39 62 -20 -58 -38 5 -6 35 -17 25 -44 -58 -58 41 70 4 -19 -73 40 -57 -55 10 -44 -24 -60 38 10 3 54 -38 15 58 20 56 -22 56 67 -18 -73 -44 -19 -20 -34 20 -19 33 -62
14 -18 10 26 -15 -8 26 -23 55 -51 2 -20 -45 -35 -16 -41 -58 17 -1 -50 -48 42 -30 -1 -52 -8 -35 0 -52 18 36 -12 44 -29 21 52 11 -33 -40 31 41 -48 43 27 -54 -39 9 -14 38 48 -21 52 -29 6 -37 44 -28 -15 -46 48 31 -24 -34 20
-27 -76 -55 -17 46 -71 -27 -4 41 49 36 16 36 20 14 -26 38 33 -19 -16 26 -38 -11 -39 -5 31 -8 -60 -53 17 46 32 24 -34 60 44 37 -2 -15 18 17 -20 26 51 13 -10 29 -57 -63 12 -11 -62 -89 9 14 37 -22 59 44 41 35 -41 3 -51
63 -26 -24 -35 53 -21 3 51 -8 17 61 42 47 -24 -63 4 28 -58 -60 55 -59 18 -53 10 -10 -13 -64 36 3 -20 3 17 -19 -24 36 19 -5 42 -60 37 -12 -54 40 -49 -52 -11 69 33 -38 -52 30 42 -34 25 -34 26 40 -30 -53 20 -15 11 26 -14
64 -20 -31 -41 0 24 -33 71 -10 8 49 -38 -18 -36 19 51 -46 -27 30 -39 45 -18 12 23 22 11 -21 36 -2 -25 68 7 20 23 -1 -47 47 -45 12 -29 48 -20 -19 15 -17 10 57 -51 -5 -16 -61 15 9 27 22 -47 -8 15 4 -10 -48 -20 34 39
61 -14 -61 -51 47 -15 -4 70 56 -30 -35 -56 -52 -47 38 -17 -51 -42 -33 49 50 3 -33 -44 -39 -20 11 -54 7 -36 45 -35 -38 57 -42 -53 -38 -40 -9 -42 0 -10 0 25 -28 -10 -12 12 -5 -6 -58 -12 -23 -4 65 32 56 -54 -49 18 45 -56 -44 40
-40 -40 -38 -23 -36 -12 8 79 54 67 -4 -57 35 -51 19 26 12 27 -54 46 -31 5 9 -41 54 66 -50 7 -58 -13 62 27 20 27 13 27 -35 -19 -58 59 -57 27 -19 -4 10 21 33 -44 -21 -59 -6 9 -76 44 -23 29 77 -20 52 -44 23 -24 -59 -33
29 50 35 -17 -28 -43 -36 35 -10 46 22 37 50 -16 -24 13 -35 -57 -10 -38 -23 19 32 -50 -32 -51 -1 5 -3 -21 14 53 48 -2 -40 -14 47 7 5 -35 -7 32 -28 48 -3 59 44 -31 12 34 30 24 30 33 -19 26 -4 -51 3 -19 21 -16 55 23
17 -36 -35 7 3 35 43 -35 -43 52 37 30 -52 -51 43 -2 28 -53 9 56 7 -49 23 19 30 -8 23 0 15 13 -18 -24 -19 -26 4 -39 -59 49 62 11 -35 -15 52 -6 6 29 -38 59 -54 -12 48 -34 39 48 5 12 -33 -30 -54 15 -1 23 -3 -21
-17 -23 -55 36 28 28 -5 17 52 50 9 -10 38 12 57 -7 29 33 1 47 4 16 -16 30 -14 -44 -45 37 30 12 7 58 -52 43 43 24 -49 -58 54 -11 -45 45 14 -32 -24 -42 -51 22 0 -15 -4 -12 48 40 24 14 -15 -11 -19 59 -17 -9 -47 -17
-23 -42 0 -18 -24 -20 6 -38 -32 21 19 -24 -1 8 43 29 50 -5 -44 47 45 55 -21 -17 45 16 -55 31 9 -49 51 30 50 57 37 34 60 -20 20 28 -10 39 51 3 47 36 -10 -55 -50 -40 3 52 -2 -59 15 75 0 -55 39 -3 -21 22 28 46
0 9 -13 -1 -28 12 86 -7 -3 -19 -42 80 -16 9 70 12 56 16 110 0 5 -28 -21 19 -25 -57 81 -39 52 24 -93 109 -41 51 -1 -3 -64 -56 33 -109 76 -36 20 -36 13 83 -2 101 -17 -32 39 71 72 16 -9 -97 -80 10 14 -58 -25 -9 -37 -1
-39 -4 -58 -46 42 -20 -48 -7 6 43 19 46 57 8 -41 8 46 3 -46 -43 -15 46 -6 -1 -27 21 10 -25 -5 -1 6 0 -31 35 -4 54 30 37 -22 -9 21 -11 -46 -39 -55 -12 2 26 23 -22 -66 -30 -17 -28 -40 52 42 -37 -12 0 -8 -40 -9 -44
-6 -23 32 -56 -57 33 -16 -44 9 9 -45 53 27 3 -38 31 -32 31 53 57 -45 -36 56 13 0 -22 29 -24 4 39 -7 23 0 34 -44 -5 -9 42 55 4 -58 40 -20 -58 41 -44 -36 -4 17 -38 11 17 -19 -14 56 11 55 12 -56 34 -28 9 58 -5
-1 -6 49 -50 -28 15 107 -44 -43 -39 13 -9 54 32 26 10 -1 -16 28 6 25 29 57 -61 -38 23 23 -19 -21 9 -3 -18 -9 -3 -68 19 -40 24 20 -25 23 23 -12 -40 -22 -15 -75 -20 3 48 79 72 113 40 -59 -9 -69 -20 29 29 -53 -41 -28 14
-51 -32 -50 6 -30 40 -34 41 14 -51 16 18 -32 30 20 20 52 -47 -37 -30 -9 -46 27 56 17 -27 -25 -23 20 4 56 -21 33 -35 -26 -53 -1 -22 -4 -52 57 28 -52 30 18 -9 -6 14 -17 13 12 -33 -42 -10 -8 59 -5 -14 -11 46 -9 33 -10 51
8 -44 -5 -20 25 -21 -54 46 27 35 40 40 -6 18 24 20 -37 -34 -1 42 4 5 46 14 29 -28 47 -15 43 -51 18 49 29 55 16 -1 -46 22 39 -19 -40 13 12 -55 0 -17 2 -25 -56 -5 13 -48 14 35 35 2 48 40 14 1 47 -32 -29 -25
53 -54 -27 5 54 53 18 -39 -41 -14 38 -26 59 -11 6 35 -40 -23 38 47 10 2 -49 38 24 -5 -46 -24 41 -33 -29 51 48 22 22 13 0 19 -51 15 18 41 -10 -53 -15 34 -9 -14 -57 45 -24 33 21 22 49 -58 -7 31 -58 15 -39 -40 -58 40
-7 -58 3 35 41 -41 -64 54 17 -12 11 -10 32 37 4 47 29 11 -54 46 -37 14 49 54 -34 2 -38 -4 -20 30 56 -7 15 -6 -3 -25 -25 -13 27 62 -36 -39 -43 -33 39 -22 64 -66 -19 -11 -54 -3 26 -51 51 -19 54 7 -53 53 -52 -34 -55 30
