# V_normalized
0.000000
0.001745
0.003491
0.005236
0.006982
0.008727
0.010473
0.012218
0.013963
0.015709
0.017454
0.019200
0.020945
0.022691
0.024436
0.026181
0.027927
0.029672
0.031418
0.033163
0.034909
0.036654
0.038399
0.040145
0.041890
0.043636
0.045381
0.047127
0.048872
0.050617
0.052363
0.054108
0.055854
0.057599
0.059344
0.061090
0.062835
0.064581
0.066326
0.068072
0.069817
0.071562
0.073308
0.075053
0.076799
0.078544
0.080290
0.082035
0.083780
0.085526
0.087271
0.089017
0.090762
0.092508
0.094253
0.095998
0.097744
0.099489
0.101235
0.102980
0.104726
0.106471
0.108216
0.109962
0.111707
0.113453
0.115198
0.116944
0.118689
0.120434
0.122180
0.123925
0.125671
0.127416
0.129162
0.130907
0.132652
0.134398
0.136143
0.137889
0.139634
0.141380
0.143125
0.144870
0.146616
0.148361
0.150107
0.151852
0.153598
0.155343
0.157088
0.158834
0.160579
0.162325
0.164070
0.165816
0.167561
0.169306
0.171052
0.172797
0.174543
0.176288
0.178033
0.179779
0.181524
0.183270
0.185015
0.186761
0.188506
0.190251
0.191997
0.193742
0.195488
0.197233
0.198979
0.200724
0.202469
0.204215
0.205960
0.207706
0.209451
0.211197
0.212942
0.214687
0.216433
0.218178
0.219924
0.221669
0.223415
0.225160
0.226905
0.228651
0.230396
0.232142
0.233887
0.235633
0.237378
0.239123
0.240869
0.242614
0.244360
0.246105
0.247851
0.249596
0.251341
0.253087
0.254832
0.256578
0.258323
0.260069
0.261814
0.263559
0.265305
0.267050
0.268796
0.270541
0.272287
0.274032
0.275777
0.277523
0.279268
0.281014
0.282759
0.284504
0.286250
0.287995
0.289741
0.291486
0.293232
0.294977
0.296722
0.298468
0.300213
0.301959
0.303704
0.305450
0.307195
0.308940
0.310686
0.312431
0.314177
0.315922
0.317668
0.319413
0.321158
0.322904
0.324649
0.326395
0.328140
0.329886
0.331631
0.333376
0.335122
0.336867
0.338613
0.340358
0.342104
0.343849
0.345594
0.347340
0.349085
0.350831
0.352576
0.354322
0.356067
0.357812
0.359558
0.361303
0.363049
0.364794
0.366540
0.368285
0.370030
0.371776
0.373521
0.375267
0.377012
0.378758
0.380503
0.382248
0.383994
0.385739
0.387485
0.389230
0.390975
0.392721
0.394466
0.396212
0.397957
0.399703
0.401448
0.403193
0.404939
0.406684
0.408430
0.410175
0.411921
0.413666
0.415411
0.417157
0.418902
0.420648
0.422393
0.424139
0.425884
0.427629
0.429375
0.431120
0.432866
0.434611
0.436357
0.438102
0.439847
0.441593
0.443338
0.445084
0.446829
0.448575
0.450320
0.452065
0.453811
0.455556
0.457302
0.459047
0.460793
0.462538
0.464283
0.466029
0.467774
0.469520
0.471265
0.473011
0.474756
0.476501
0.478247
0.479992
0.481738
0.483483
0.485229
0.486974
0.488719
0.490465
0.492210
0.493956
0.495701
0.497447
0.499192
0.500937
0.502683
0.504428
0.506174
0.507919
0.509664
0.511410
0.513155
0.514901
0.516646
0.518392
0.520137
0.521882
0.523628
0.525373
0.527119
0.528864
0.530610
0.532355
0.534100
0.535846
0.537591
0.539337
0.541082
0.542828
0.544573
0.546318
0.548064
0.549809
0.551555
0.553300
0.555046
0.556791
0.558536
0.560282
0.562027
0.563773
0.565518
0.567264
0.569009
0.570754
0.572500
0.574245
0.575991
0.577736
0.579482
0.581227
0.582972
0.584718
0.586463
0.588209
0.589954
0.591700
0.593445
0.595190
0.596936
0.598681
0.600427
0.602172
0.603918
0.605663
0.607408
0.609154
0.610899
0.612645
0.614390
0.616135
0.617881
0.619626
0.621372
0.623117
0.624863
0.626608
0.628353
0.630099
0.631844
0.633590
0.635335
0.637081
0.638826
0.640571
0.642317
0.644062
0.645808
0.647553
0.649299
0.651044
0.652789
0.654535
0.656280
0.658026
0.659771
0.661517
0.663262
0.665007
0.666753
0.668498
0.670244
0.671989
0.673735
0.675480
0.677225
0.678971
0.680716
0.682462
0.684207
0.685953
0.687698
0.689443
0.691189
0.692934
0.694680
0.696425
0.698171
0.699916
0.701661
0.703407
0.705152
0.706898
0.708643
0.710389
0.712134
0.713879
0.715625
0.717370
0.719116
0.720861
0.722607
0.724352
0.726097
0.727843
0.729588
0.731334
0.733079
0.734824
0.736570
0.738315
0.740061
0.741806
0.743552
0.745297
0.747042
0.748788
0.750533
0.752279
0.754024
0.755770
0.757515
0.759260
0.761006
0.762751
0.764497
0.766242
0.767988
0.769733
0.771478
0.773224
0.774969
0.776715
0.778460
0.780206
0.781951
0.783696
0.785442
0.787187
0.788933
0.790678
0.792424
0.794169
0.795914
0.797660
0.799405
0.801151
0.802896
0.804642
0.806387
0.808132
0.809878
0.811623
0.813369
0.815114
0.816860
0.818605
0.820350
0.822096
0.823841
0.825587
0.827332
0.829078
0.830823
0.832568
0.834314
0.836059
0.837805
0.839550
0.841295
0.843041
0.844786
0.846532
0.848277
0.850023
0.851768
0.853513
0.855259
0.857004
0.858750
0.860495
0.862241
0.863986
0.865731
0.867477
0.869222
0.870968
0.871048
0.871129
0.871210
0.871291
0.871371
0.871452
0.871533
0.871614
0.871694
0.871775
0.871856
0.871936
0.872017
0.872098
0.872179
0.872259
0.872340
0.872421
0.872502
0.872582
0.872663
0.872744
0.872824
0.872905
0.872986
0.873067
0.873147
0.873228
0.873309
0.873390
0.873470
0.873551
0.873632
0.873712
0.873793
0.873874
0.873955
0.874035
0.874116
0.874197
0.874278
0.874358
0.874439
0.874520
0.874600
0.874681
0.874762
0.874843
0.874923
0.875004
0.875085
0.875165
0.875246
0.875327
0.875408
0.875488
0.875569
0.875650
0.875731
0.875811
0.875892
0.875973
0.876053
0.876134
0.876215
0.876296
0.876376
0.876457
0.876538
0.876619
0.876699
0.876780
0.876861
0.876941
0.877022
0.877103
0.877184
0.877264
0.877345
0.877426
0.877507
0.877587
0.877668
0.877749
0.877829
0.877910
0.877991
0.878072
0.878152
0.878233
0.878314
0.878395
0.878475
0.878556
0.878637
0.878717
0.878798
0.878879
0.878960
0.879040
0.879121
0.879202
0.879283
0.879363
0.879444
0.879525
0.879605
0.879686
0.879767
0.879848
0.879928
0.880009
0.880090
0.880170
0.880251
0.880332
0.880413
0.880493
0.880574
0.880655
0.880736
0.880816
0.880897
0.880978
0.881058
0.881139
0.881220
0.881301
0.881381
0.881462
0.881543
0.881624
0.881704
0.881785
0.881866
0.881946
0.882027
0.882108
0.882189
0.882269
0.882350
0.882431
0.882512
0.882592
0.882673
0.882754
0.882834
0.882915
0.882996
0.883077
0.883157
0.883238
0.883319
0.883400
0.883480
0.883561
0.883642
0.883722
0.883803
0.883884
0.883965
0.884045
0.884126
0.884207
0.884288
0.884368
0.884449
0.884530
0.884610
0.884691
0.884772
0.884853
0.884933
0.885014
0.885095
0.885175
0.885256
0.885337
0.885418
0.885498
0.885579
0.885660
0.885741
0.885821
0.885902
0.885983
0.886063
0.886144
0.886225
0.886306
0.886386
0.886467
0.886548
0.886629
0.886709
0.886790
0.886871
0.886951
0.887032
0.887113
0.887194
0.887274
0.887355
0.887436
0.887517
0.887597
0.887678
0.887759
0.887839
0.887920
0.888001
0.888082
0.888162
0.888243
0.888324
0.888405
0.888485
0.888566
0.888647
0.888727
0.888808
0.888889
0.888970
0.889050
0.889131
0.889212
0.889293
0.889373
0.889454
0.889535
0.889615
0.889696
0.889777
0.889858
0.889938
0.890019
0.890100
0.890181
0.890261
0.890342
0.890423
0.890503
0.890584
0.890665
0.890746
0.890826
0.890907
0.890988
0.891068
0.891149
0.891230
0.891311
0.891391
0.891472
0.891553
0.891634
0.891714
0.891795
0.891876
0.891956
0.892037
0.892118
0.892199
0.892279
0.892360
0.892441
0.892522
0.892602
0.892683
0.892764
0.892844
0.892925
0.893006
0.893087
0.893167
0.893248
0.893329
0.893410
0.893490
0.893571
0.893652
0.893732
0.893813
0.893894
0.893975
0.894055
0.894136
0.894217
0.894298
0.894378
0.894459
0.894540
0.894620
0.894701
0.894782
0.894863
0.894943
0.895024
0.895105
0.895186
0.895266
0.895347
0.895428
0.895508
0.895589
0.895670
0.895751
0.895831
0.895912
0.895993
0.896073
0.896154
0.896235
0.896316
0.896396
0.896477
0.896558
0.896639
0.896719
0.896800
0.896881
0.896961
0.897042
0.897123
0.897204
0.897284
0.897365
0.897446
0.897527
0.897607
0.897688
0.897769
0.897849
0.897930
0.898011
0.898092
0.898172
0.898253
0.898334
0.898415
0.898495
0.898576
0.898657
0.898737
0.898818
0.898899
0.898980
0.899060
0.899141
0.899222
0.899303
0.899383
0.899464
0.899545
0.899625
0.899706
0.899787
0.899868
0.899948
0.900029
0.900110
0.900191
0.900271
0.900352
0.900433
0.900513
0.900594
0.900675
0.900756
0.900836
0.900917
0.900998
0.901078
0.901159
0.901240
0.901321
0.901401
0.901482
0.901563
0.901644
0.901724
0.901805
0.901886
0.901966
0.902047
0.902128
0.902209
0.902289
0.902370
0.902451
0.902532
0.902612
0.902693
0.902774
0.902854
0.902935
0.903016
0.903097
0.903177
0.903258
0.903339
0.903420
0.903500
0.903581
0.903662
0.903742
0.903823
0.903904
0.903985
0.904065
0.904146
0.904227
0.904308
0.904388
0.904469
0.904550
0.904630
0.904711
0.904792
0.904873
0.904953
0.905034
0.905115
0.905196
0.905276
0.905357
0.905438
0.905518
0.905599
0.905680
0.905761
0.905841
0.905922
0.906003
0.906084
0.906164
0.906245
0.906326
0.906406
0.906487
0.906568
0.906649
0.906729
0.906810
0.906891
0.906971
0.907052
0.907133
0.907214
0.907294
0.907375
0.907456
0.907537
0.907617
0.907698
0.907779
0.907859
0.907940
0.908021
0.908102
0.908182
0.908263
0.908344
0.908425
0.908505
0.908586
0.908667
0.908747
0.908828
0.908909
0.908990
0.909070
0.909151
0.909232
0.909313
0.909393
0.909474
0.909555
0.909635
0.909716
0.909797
0.909878
0.909958
0.910039
0.910120
0.910201
0.910281
0.910362
0.910443
0.910523
0.910604
0.910685
0.910766
0.910846
0.910927
0.911008
0.911089
0.911169
0.911250
0.911331
0.911411
0.911492
0.911573
0.911654
0.911734
0.911815
0.911896
0.911976
0.912057
0.912138
0.912219
0.912299
0.912380
0.912461
0.912542
0.912622
0.912703
0.912784
0.912864
0.912945
0.913026
0.913107
0.913187
0.913268
0.913349
0.913430
0.913510
0.913591
0.913672
0.913752
0.913833
0.913914
0.913995
0.914075
0.914156
0.914237
0.914318
0.914398
0.914479
0.914560
0.914640
0.914721
0.914802
0.914883
0.914963
0.915044
0.915125
0.915206
0.915286
0.915367
0.915448
0.915528
0.915609
0.915690
0.915771
0.915851
0.915932
0.916013
0.916094
0.916174
0.916255
0.916336
0.916416
0.916497
0.916578
0.916659
0.916739
0.916820
0.916901
0.916981
0.917062
0.917143
0.917224
0.917304
0.917385
0.917466
0.917547
0.917627
0.917708
0.917789
0.917869
0.917950
0.918031
0.918112
0.918192
0.918273
0.918354
0.918435
0.918515
0.918596
0.918677
0.918757
0.918838
0.918919
0.919000
0.919080
0.919161
0.919242
0.919323
0.919403
0.919484
0.919565
0.919645
0.919726
0.919807
0.919888
0.919968
0.920049
0.920130
0.920211
0.920291
0.920372
0.920453
0.920533
0.920614
0.920695
0.920776
0.920856
0.920937
0.921018
0.921099
0.921179
0.921260
0.921341
0.921421
0.921502
0.921583
0.921664
0.921744
0.921825
0.921906
0.921987
0.922067
0.922148
0.922229
0.922309
0.922390
0.922471
0.922552
0.922632
0.922713
0.922794
0.922874
0.922955
0.923036
0.923117
0.923197
0.923278
0.923359
0.923440
0.923520
0.923601
0.923682
0.923762
0.923843
0.923924
0.924005
0.924085
0.924166
0.924247
0.924328
0.924408
0.924489
0.924570
0.924650
0.924731
0.924812
0.924893
0.924973
0.925054
0.925135
0.925216
0.925296
0.925377
0.925458
0.925538
0.925619
0.925700
0.925781
0.925861
0.925942
0.926023
0.926104
0.926184
0.926265
0.926346
0.926426
0.926507
0.926588
0.926669
0.926749
0.926830
0.926911
0.926992
0.927072
0.927153
0.927234
0.927314
0.927395
0.927476
0.927557
0.927637
0.927718
0.927799
0.927879
0.927960
0.928041
0.928122
0.928202
0.928283
0.928364
0.928445
0.928525
0.928606
0.928687
0.928767
0.928848
0.928929
0.929010
0.929090
0.929171
0.929252
0.929333
0.929413
0.929494
0.929575
0.929655
0.929736
0.929817
0.929898
0.929978
0.930059
0.930140
0.930221
0.930301
0.930382
0.930463
0.930543
0.930624
0.930705
0.930786
0.930866
0.930947
0.931028
0.931109
0.931189
0.931270
0.931351
0.931431
0.931512
0.931593
0.931674
0.931754
0.931835
0.931916
0.931997
0.932077
0.932158
0.932239
0.932319
0.932400
0.932481
0.932562
0.932642
0.932723
0.932804
0.932884
0.932965
0.933046
0.933127
0.933207
0.933288
0.933369
0.933450
0.933530
0.933611
0.933692
0.933772
0.933853
0.933934
0.934015
0.934095
0.934176
0.934257
0.934338
0.934418
0.934499
0.934580
0.934660
0.934741
0.934822
0.934903
0.934983
0.935064
0.935145
0.935226
0.935306
0.935387
0.935468
0.935548
0.935629
0.935710
0.935791
0.935871
0.935952
0.936033
0.936114
0.936194
0.936275
0.936356
0.936436
0.936517
0.936598
0.936679
0.936759
0.936840
0.936921
0.937002
0.937082
0.937163
0.937244
0.937324
0.937405
0.937486
0.937567
0.937647
0.937728
0.937809
0.937890
0.937970
0.938051
0.938132
0.938212
0.938293
0.938374
0.938455
0.938535
0.938616
0.938697
0.938777
0.938858
0.938939
0.939020
0.939100
0.939181
0.939262
0.939343
0.939423
0.939504
0.939585
0.939665
0.939746
0.939827
0.939908
0.939988
0.940069
0.940150
0.940231
0.940311
0.940392
0.940473
0.940553
0.940634
0.940715
0.940796
0.940876
0.940957
0.941038
0.941119
0.941199
0.941280
0.941361
0.941441
0.941522
0.941603
0.941684
0.941764
0.941845
0.941926
0.942007
0.942087
0.942168
0.942249
0.942329
0.942410
0.942491
0.942572
0.942652
0.942733
0.942814
0.942895
0.942975
0.943056
0.943137
0.943217
0.943298
0.943379
0.943460
0.943540
0.943621
0.943702
0.943782
0.943863
0.943944
0.944025
0.944105
0.944186
0.944267
0.944348
0.944428
0.944509
0.944590
0.944670
0.944751
0.944832
0.944913
0.944993
0.945074
0.945155
0.945236
0.945316
0.945397
0.945478
0.945558
0.945639
0.945720
0.945801
0.945881
0.945962
0.946043
0.946124
0.946204
0.946285
0.946366
0.946446
0.946527
0.946608
0.946689
0.946769
0.946850
0.946931
0.947012
0.947092
0.947173
0.947254
0.947334
0.947415
0.947496
0.947577
0.947657
0.947738
0.947819
0.947900
0.947980
0.948061
0.948142
0.948222
0.948303
0.948384
0.948465
0.948545
0.948626
0.948707
0.948787
0.948868
0.948949
0.949030
0.949110
0.949191
0.949272
0.949353
0.949433
0.949514
0.949595
0.949675
0.949756
0.949837
0.949918
0.949998
0.950079
0.950160
0.950241
0.950321
0.950402
0.950483
0.950563
0.950644
0.950725
0.950806
0.950886
0.950967
0.951048
0.951129
0.951209
0.951290
0.951371
0.951451
0.951532
0.951613
0.951710
0.951807
0.951904
0.952001
0.952098
0.952195
0.952292
0.952389
0.952486
0.952583
0.952680
0.952777
0.952873
0.952970
0.953067
0.953164
0.953261
0.953358
0.953455
0.953552
0.953649
0.953746
0.953843
0.953940
0.954037
0.954134
0.954231
0.954328
0.954425
0.954522
0.954619
0.954716
0.954813
0.954910
0.955007
0.955104
0.955201
0.955298
0.955395
0.955492
0.955589
0.955686
0.955783
0.955880
0.955976
0.956073
0.956170
0.956267
0.956364
0.956461
0.956558
0.956655
0.956752
0.956849
0.956946
0.957043
0.957140
0.957237
0.957334
0.957431
0.957528
0.957625
0.957722
0.957819
0.957916
0.958013
0.958110
0.958207
0.958304
0.958401
0.958498
0.958595
0.958692
0.958789
0.958886
0.958982
0.959079
0.959176
0.959273
0.959370
0.959467
0.959564
0.959661
0.959758
0.959855
0.959952
0.960049
0.960146
0.960243
0.960340
0.960437
0.960534
0.960631
0.960728
0.960825
0.960922
0.961019
0.961116
0.961213
0.961310
0.961407
0.961504
0.961601
0.961698
0.961795
0.961892
0.961988
0.962085
0.962182
0.962279
0.962376
0.962473
0.962570
0.962667
0.962764
0.962861
0.962958
0.963055
0.963152
0.963249
0.963346
0.963443
0.963540
0.963637
0.963734
0.963831
0.963928
0.964025
0.964122
0.964219
0.964316
0.964413
0.964510
0.964607
0.964704
0.964801
0.964898
0.964995
0.965091
0.965188
0.965285
0.965382
0.965479
0.965576
0.965673
0.965770
0.965867
0.965964
0.966061
0.966158
0.966255
0.966352
0.966449
0.966546
0.966643
0.966740
0.966837
0.966934
0.967031
0.967128
0.967225
0.967322
0.967419
0.967516
0.967613
0.967710
0.967807
0.967904
0.968001
0.968097
0.968194
0.968291
0.968388
0.968485
0.968582
0.968679
0.968776
0.968873
0.968970
0.969067
0.969164
0.969261
0.969358
0.969455
0.969552
0.969649
0.969746
0.969843
0.969940
0.970037
0.970134
0.970231
0.970328
0.970425
0.970522
0.970619
0.970716
0.970813
0.970910
0.971007
0.971103
0.971200
0.971297
0.971394
0.971491
0.971588
0.971685
0.971782
0.971879
0.971976
0.972073
0.972170
0.972267
0.972364
0.972461
0.972558
0.972655
0.972752
0.972849
0.972946
0.973043
0.973140
0.973237
0.973334
0.973431
0.973528
0.973625
0.973722
0.973819
0.973916
0.974013
0.974110
0.974206
0.974303
0.974400
0.974497
0.974594
0.974691
0.974788
0.974885
0.974982
0.975079
0.975176
0.975273
0.975370
0.975467
0.975564
0.975661
0.975758
0.975855
0.975952
0.976049
0.976146
0.976243
0.976340
0.976437
0.976534
0.976631
0.976728
0.976825
0.976922
0.977019
0.977116
0.977212
0.977309
0.977406
0.977503
0.977600
0.977697
0.977794
0.977891
0.977988
0.978085
0.978182
0.978279
0.978376
0.978473
0.978570
0.978667
0.978764
0.978861
0.978958
0.979055
0.979152
0.979249
0.979346
0.979443
0.979540
0.979637
0.979734
0.979831
0.979928
0.980025
0.980122
0.980219
0.980315
0.980412
0.980509
0.980606
0.980703
0.980800
0.980897
0.980994
0.981091
0.981188
0.981285
0.981382
0.981479
0.981576
0.981673
0.981770
0.981867
0.981964
0.982061
0.982158
0.982255
0.982352
0.982449
0.982546
0.982643
0.982740
0.982837
0.982934
0.983031
0.983128
0.983225
0.983321
0.983418
0.983515
0.983612
0.983709
0.983806
0.983903
0.984000
0.984097
0.984194
0.984291
0.984388
0.984485
0.984582
0.984679
0.984776
0.984873
0.984970
0.985067
0.985164
0.985261
0.985358
0.985455
0.985552
0.985649
0.985746
0.985843
0.985940
0.986037
0.986134
0.986231
0.986327
0.986424
0.986521
0.986618
0.986715
0.986812
0.986909
0.987006
0.987103
0.987200
0.987297
0.987394
0.987491
0.987588
0.987685
0.987782
0.987879
0.987976
0.988073
0.988170
0.988267
0.988364
0.988461
0.988558
0.988655
0.988752
0.988849
0.988946
0.989043
0.989140
0.989237
0.989334
0.989430
0.989527
0.989624
0.989721
0.989818
0.989915
0.990012
0.990109
0.990206
0.990303
0.990400
0.990497
0.990594
0.990691
0.990788
0.990885
0.990982
0.991079
0.991176
0.991273
0.991370
0.991467
0.991564
0.991661
0.991758
0.991855
0.991952
0.992049
0.992146
0.992243
0.992340
0.992436
0.992533
0.992630
0.992727
0.992824
0.992921
0.993018
0.993115
0.993212
0.993309
0.993406
0.993503
0.993600
0.993697
0.993794
0.993891
0.993988
0.994085
0.994182
0.994279
0.994376
0.994473
0.994570
0.994667
0.994764
0.994861
0.994958
0.995055
0.995152
0.995249
0.995346
0.995442
0.995539
0.995636
0.995733
0.995830
0.995927
0.996024
0.996121
0.996218
0.996315
0.996412
0.996509
0.996606
0.996703
0.996800
0.996897
0.996994
0.997091
0.997188
0.997285
0.997382
0.997479
0.997576
0.997673
0.997770
0.997867
0.997964
0.998061
0.998158
0.998255
0.998352
0.998449
0.998545
0.998642
0.998739
0.998836
0.998933
0.999030
0.999127
0.999224
0.999321
0.999418
0.999515
0.999612
0.999709
0.999806
0.999903
1.000000
