# I_hls (A)
3.19480430e-03
3.16390558e-03
3.13300709e-03
3.10252025e-03
3.07120965e-03
3.04051698e-03
3.00961849e-03
2.97871977e-03
2.94782105e-03
2.91754026e-03
2.88705365e-03
2.85636098e-03
2.82587437e-03
2.79538776e-03
2.76490091e-03
2.73400242e-03
2.70392769e-03
2.67344108e-03
2.64254236e-03
2.61184969e-03
2.58156890e-03
2.55108229e-03
2.52080150e-03
2.49010883e-03
2.45941617e-03
2.42892955e-03
2.39844294e-03
2.36775028e-03
2.33746949e-03
2.30677682e-03
2.27608415e-03
2.24559754e-03
2.21511093e-03
2.18441826e-03
2.15393142e-03
2.12344481e-03
2.09316402e-03
2.06247135e-03
2.03177868e-03
2.00129207e-03
1.97059941e-03
1.94011279e-03
1.90942013e-03
1.87934539e-03
1.84885878e-03
1.81796006e-03
1.78726739e-03
1.75657473e-03
1.72649999e-03
1.69580732e-03
1.66532071e-03
1.63483399e-03
1.60434737e-03
1.57736253e-03
1.55202555e-03
1.52710069e-03
1.50155777e-03
1.47601485e-03
1.45108998e-03
1.42554706e-03
1.40021020e-03
1.37487333e-03
1.34953635e-03
1.32419949e-03
1.29865657e-03
1.27373170e-03
1.24798284e-03
1.22285192e-03
1.19751494e-03
1.17197214e-03
1.14684121e-03
1.12150423e-03
1.09637331e-03
1.07062445e-03
1.04549353e-03
1.02036272e-03
9.94819799e-04
9.69688874e-04
9.44145955e-04
9.18603095e-04
8.93678167e-04
8.68135248e-04
8.42592388e-04
8.17461463e-04
7.91918545e-04
7.66993675e-04
7.41450756e-04
7.16319832e-04
6.90982968e-04
6.65234053e-04
6.40309125e-04
6.14560267e-04
5.89223346e-04
5.64092479e-04
5.38549561e-04
5.13212639e-04
4.88081743e-04
4.62950848e-04
4.37201961e-04
4.22370591e-04
4.11247107e-04
4.00123594e-04
3.88794084e-04
3.77876568e-04
3.66753025e-04
3.55835509e-04
3.44917993e-04
3.33794451e-04
3.22464970e-04
3.11753422e-04
3.00423912e-04
2.89300398e-04
2.78382882e-04
2.67053372e-04
2.56135827e-04
2.45012314e-04
2.33888801e-04
2.22765288e-04
2.11847757e-04
2.00724229e-04
1.90012695e-04
1.79919123e-04
1.69413586e-04
1.71885476e-04
1.89394719e-04
2.07109944e-04
2.24619202e-04
2.49750097e-04
2.77970888e-04
3.05779686e-04
3.34206445e-04
3.62221239e-04
3.90647998e-04
4.18456795e-04
4.47089522e-04
5.12800703e-04
5.81807690e-04
6.50608679e-04
7.19615724e-04
7.89034704e-04
8.58041691e-04
9.27048735e-04
9.93789872e-04
1.05641107e-03
1.12212228e-03
1.18391961e-03
1.23891921e-03
1.29371276e-03
1.34809443e-03
1.40330009e-03
1.45829970e-03
1.51329930e-03
1.56809285e-03
1.62288651e-03
1.67747412e-03
1.73288572e-03
1.78788533e-03
1.86080625e-03
1.95226620e-03
2.04352033e-03
2.13498040e-03
2.22582230e-03
2.31728237e-03
2.40894849e-03
2.47486564e-03
2.52059568e-03
2.56632571e-03
2.61205551e-03
2.65799160e-03
2.70413375e-03
2.75192363e-03
2.79909559e-03
2.84688547e-03
2.89426348e-03
2.93649151e-03
2.96574226e-03
2.99540511e-03
3.02486168e-03
3.05473036e-03
3.09263286e-03
3.13609699e-03
3.17997299e-03
3.22446716e-03
3.26854922e-03
3.31263128e-03
3.35321156e-03
3.39152571e-03
3.43025220e-03
3.46197467e-03
3.50482087e-03
3.55508272e-03
3.60534457e-03
3.65540036e-03
3.69412662e-03
3.68423923e-03
3.67414556e-03
3.66425794e-03
3.65643040e-03
3.65540036e-03
3.65375238e-03
3.65251652e-03
3.65107460e-03
3.64963268e-03
3.64839658e-03
3.61461425e-03
3.57856578e-03
3.54210520e-03
3.50605696e-03
3.47000849e-03
3.43045802e-03
3.36227519e-03
3.29368003e-03
3.22508509e-03
3.15669598e-03
3.08871898e-03
3.01950588e-03
2.96697812e-03
2.96182837e-03
2.95667863e-03
2.95132282e-03
2.94617307e-03
2.94143544e-03
2.93587358e-03
2.93072383e-03
2.92557408e-03
2.92021828e-03
2.91486247e-03
2.90991878e-03
2.90456298e-03
2.89961905e-03
2.89529329e-03
2.89158546e-03
2.89529329e-03
2.89858924e-03
2.90209102e-03
2.90579884e-03
2.90888874e-03
2.91259657e-03
2.91589252e-03
2.91939429e-03
2.95029301e-03
2.99478695e-03
3.03948717e-03
3.08521721e-03
3.13032907e-03
3.17585329e-03
3.22137726e-03
3.26669519e-03
3.31242522e-03
3.35815526e-03
3.40326736e-03
3.44899739e-03
3.49472743e-03
3.53983929e-03
3.58515745e-03
3.63068143e-03
3.66281602e-03
3.65807815e-03
3.63644911e-03
3.61461425e-03
3.59216123e-03
3.57032614e-03
3.54890293e-03
3.52686201e-03
3.50502692e-03
3.48360371e-03
3.46156280e-03
3.43952165e-03
3.41222784e-03
3.38534615e-03
3.35815526e-03
3.33096436e-03
3.29501904e-03
3.25155491e-03
3.20860581e-03
3.16555356e-03
3.12239840e-03
3.07903741e-03
3.03588226e-03
2.99262418e-03
2.97748367e-03
2.98531144e-03
2.99252104e-03
3.00065777e-03
3.00838239e-03
3.01621016e-03
3.02362582e-03
3.03165941e-03
3.03948717e-03
3.04721179e-03
3.07522644e-03
3.10818502e-03
3.14155570e-03
3.17461719e-03
3.20747285e-03
3.24063725e-03
3.27369897e-03
3.30686360e-03
3.33961612e-03
3.37298657e-03
3.40594514e-03
3.43900686e-03
3.47227440e-03
3.50543880e-03
3.54076643e-03
3.57599091e-03
3.61100934e-03
3.64643987e-03
3.68176727e-03
3.71699175e-03
3.75211309e-03
3.78754362e-03
3.82245914e-03
3.85778653e-03
3.89301102e-03
3.92813236e-03
4.02051955e-03
4.13947925e-03
4.25782101e-03
4.37678117e-03
4.47287597e-03
4.52210801e-03
4.55321232e-03
4.55630245e-03
4.50058188e-03
4.44496423e-03
4.38697776e-03
4.32734331e-03
4.26801760e-03
4.20838362e-03
4.14874917e-03
4.11733519e-03
4.09951713e-03
4.08200780e-03
4.06408682e-03
4.04668041e-03
4.02896525e-03
4.01094090e-03
3.99343157e-03
3.97540769e-03
3.94316996e-03
3.88209359e-03
3.82112013e-03
3.76024982e-03
3.69422976e-03
3.59288207e-03
3.49235837e-03
3.39131989e-03
3.29048722e-03
3.18965456e-03
3.08861607e-03
2.98778340e-03
2.89230654e-03
2.80352426e-03
2.71525723e-03
2.59681232e-03
2.46744999e-03
2.33849953e-03
2.20965198e-03
2.07967171e-03
1.92775333e-03
1.77614391e-03
1.62412249e-03
1.47179211e-03
1.31977070e-03
1.13561470e-03
9.47338820e-04
7.59268994e-04
5.84897527e-04
4.09599190e-04
2.33785802e-04
5.85903945e-05
-1.17119991e-04
-2.92521378e-04
-4.68231767e-04
-6.43736159e-04
-8.19343550e-04
-9.94950882e-04
-1.17066130e-03
-1.32237375e-03
-1.46996637e-03
-1.61755888e-03
-1.72807311e-03
-1.74465543e-03
-1.76123774e-03
-1.77823193e-03
-1.79491728e-03
-1.81149947e-03
-1.82787585e-03
-1.84487004e-03
-1.86165830e-03
-1.87844655e-03
-1.89492584e-03
-1.91161118e-03
-1.92850246e-03
-1.94508466e-03
-1.96166709e-03
-1.97835220e-03
-1.99524360e-03
-2.00574915e-03
-2.00914801e-03
-2.01244373e-03
-2.01563677e-03
-2.01913854e-03
-2.02253740e-03
-2.02573021e-03
-2.02933513e-03
-2.03242502e-03
-2.03582388e-03
-2.04426935e-03
-2.07300507e-03
-2.10153498e-03
-2.16003647e-03
-2.22193683e-03
-2.28373404e-03
-2.34604627e-03
-2.34584045e-03
-2.32925802e-03
-2.31267582e-03
-2.29609339e-03
-2.27940828e-03
-2.26117810e-03
-2.22677761e-03
-2.11523334e-03
-1.85156474e-03
-1.65649119e-03
-1.55339274e-03
-1.44226057e-03
-1.33123132e-03
-1.19919109e-03
-1.06272195e-03
-9.30990675e-04
-7.79278285e-04
-5.45066432e-04
-2.84384732e-04
-2.37030363e-05
2.35330735e-04
4.84579912e-04
7.27855368e-04
9.49707697e-04
1.18000573e-03
1.41184870e-03
1.64791441e-03
1.88707002e-03
2.13405327e-03
2.41883611e-03
2.70433957e-03
2.93020881e-03
3.12497327e-03
3.31922295e-03
3.54653411e-03
3.80062405e-03
4.05430188e-03
4.30808309e-03
4.55980422e-03
4.80946526e-03
5.05943550e-03
5.48501313e-03
6.03346433e-03
6.58222428e-03
7.13088224e-03
7.67943636e-03
8.23468529e-03
8.79199430e-03
9.34930239e-03
9.90681723e-03
1.05325151e-02
1.13511244e-02
1.21176168e-02
1.28828734e-02
1.29253073e-02
1.23913791e-02
1.18576558e-02
1.10499654e-02
1.01375272e-02
9.21654142e-03
8.29545222e-03
7.38548720e-03
6.49848906e-03
5.62982494e-03
5.01545658e-03
4.29716567e-03
3.57887475e-03
2.78241024e-03
1.87780045e-03
9.73293674e-04
5.94143603e-05
-5.51658159e-04
-1.12936005e-03
-1.88225741e-03
-2.52525858e-03
-2.78300489e-03
-3.00949207e-03
-3.26533290e-03
-3.31389531e-03
-2.69278069e-03
-2.07156315e-03
-1.46311708e-03
-8.84179259e-04
-6.34829030e-06
3.43349457e-05
7.49666870e-05
1.15649913e-04
1.56230148e-04
1.96810390e-04
2.37390646e-04
2.77919375e-04
3.18448117e-04
3.59131373e-04
3.99608602e-04
4.40446311e-04
4.80975054e-04
5.21606766e-04
5.62187051e-04
6.02664251e-04
6.43295993e-04
6.84082275e-04
7.24662503e-04
7.65191216e-04
8.05822958e-04
8.46300216e-04
8.87034927e-04
9.27563698e-04
9.68246895e-04
1.00882712e-03
1.04945886e-03
1.08988467e-03
1.13072235e-03
1.17119960e-03
1.21193437e-03
1.25246309e-03
1.29299180e-03
1.33362354e-03
1.37404935e-03
1.41483557e-03
1.45541574e-03
1.49599602e-03
1.53667922e-03
1.57710502e-03
1.61783979e-03
1.65836851e-03
1.69889722e-03
1.73952896e-03
1.78016070e-03
1.82084390e-03
1.86147564e-03
1.90195290e-03
1.94263621e-03
1.98331941e-03
2.02384824e-03
2.06422247e-03
2.10495712e-03
2.14564032e-03
2.18611769e-03
2.22669775e-03
2.26758700e-03
2.30801292e-03
2.34874757e-03
2.38917326e-03
2.42990791e-03
2.47059134e-03
2.51111994e-03
2.55170022e-03
2.59243487e-03
2.63286079e-03
2.67333793e-03
2.71412428e-03
2.75460142e-03
2.79518170e-03
2.83586490e-03
2.87644519e-03
2.91707693e-03
2.95760552e-03
2.99828895e-03
3.03886901e-03
3.07939784e-03
3.11997812e-03
3.16060986e-03
3.20124160e-03
3.24187335e-03
3.28245363e-03
3.32313683e-03
3.36356252e-03
3.40434886e-03
3.44498060e-03
3.48545774e-03
3.52608948e-03
3.56666977e-03
3.60730151e-03
3.64788179e-03
3.68861645e-03
3.72914528e-03
3.76967387e-03
3.81020270e-03
3.85088590e-03
3.89156910e-03
3.93209793e-03
3.97278089e-03
4.01336141e-03
4.05389024e-03
4.09436738e-03
4.13489621e-03
4.17527044e-03
4.21574758e-03
4.25617350e-03
4.29680524e-03
4.33723070e-03
4.37760493e-03
4.41813376e-03
4.45855968e-03
4.49903682e-03
4.53946274e-03
4.57988819e-03
4.62026242e-03
4.66099707e-03
4.70132008e-03
4.74174554e-03
4.78222314e-03
4.82270028e-03
4.86317743e-03
4.90360335e-03
4.94402880e-03
4.98460932e-03
5.02493186e-03
5.06540900e-03
5.10593783e-03
5.14656957e-03
5.18678967e-03
5.22721512e-03
5.26563264e-03
5.24765998e-03
5.22973854e-03
5.21176588e-03
5.19379321e-03
5.17587177e-03
5.15795080e-03
5.13992645e-03
5.12200547e-03
5.10413572e-03
5.08611137e-03
5.06813871e-03
5.05032018e-03
5.03224460e-03
5.01442654e-03
4.99640219e-03
4.97842953e-03
4.96055977e-03
4.94243251e-03
4.92456276e-03
4.90653841e-03
4.88866866e-03
4.87074768e-03
4.85282624e-03
4.83490527e-03
4.81682969e-03
4.79895994e-03
4.78109019e-03
4.76301415e-03
4.74638073e-03
4.73520532e-03
4.72397916e-03
4.71270084e-03
4.70147468e-03
4.69024805e-03
4.67902143e-03
4.66774357e-03
4.65646526e-03
4.64523910e-03
4.63272491e-03
4.62026242e-03
4.60764579e-03
4.59507992e-03
4.58241161e-03
4.56989789e-03
4.55728080e-03
4.54476662e-03
4.53214999e-03
4.51948121e-03
4.50686458e-03
4.49450500e-03
4.48188791e-03
4.46932251e-03
4.45686001e-03
4.44419170e-03
4.43157461e-03
4.41906089e-03
4.40649549e-03
4.39387839e-03
4.38126130e-03
4.36874758e-03
4.35329787e-03
4.33723070e-03
4.32121521e-03
4.30530217e-03
4.28928621e-03
4.27342486e-03
4.25740937e-03
4.24154801e-03
4.22563497e-03
4.21003113e-03
4.19442728e-03
4.17877221e-03
4.16311668e-03
4.14756453e-03
4.13185777e-03
4.11625393e-03
4.10070177e-03
4.08504624e-03
4.06928780e-03
4.05378686e-03
4.03808011e-03
4.02242504e-03
4.00682120e-03
3.99111444e-03
3.97556182e-03
3.95990675e-03
3.94430291e-03
3.92875029e-03
3.91304353e-03
3.89738847e-03
3.88173317e-03
3.86695331e-03
3.85248242e-03
3.83785693e-03
3.82328313e-03
3.80876078e-03
3.79423844e-03
3.77956149e-03
3.76498769e-03
3.75041366e-03
3.73583985e-03
3.72142042e-03
3.70679516e-03
3.69211822e-03
3.67749296e-03
3.66302207e-03
3.64839658e-03
3.63382278e-03
3.61935189e-03
3.60477809e-03
3.59020429e-03
3.57557880e-03
3.56100500e-03
3.54643119e-03
3.53190862e-03
3.51733482e-03
3.50276101e-03
3.48818721e-03
3.47351027e-03
3.45898792e-03
3.44456849e-03
3.42989154e-03
3.50605696e-03
3.52531695e-03
3.54468008e-03
3.56409489e-03
3.58330342e-03
3.60276969e-03
3.62218427e-03
3.64139304e-03
3.66091053e-03
3.68011929e-03
3.69953387e-03
3.71884555e-03
3.73826036e-03
3.75757203e-03
3.77688371e-03
3.79629829e-03
3.81581602e-03
3.83507600e-03
3.85438767e-03
3.87364789e-03
3.89316562e-03
3.91242560e-03
3.93184042e-03
3.95130645e-03
3.97046376e-03
3.98992980e-03
4.00919002e-03
4.02865605e-03
4.04786505e-03
4.06738231e-03
4.08659130e-03
4.10600565e-03
4.12526587e-03
4.14478360e-03
4.16404381e-03
4.18350985e-03
4.20277007e-03
4.22218489e-03
4.24154801e-03
4.26080823e-03
4.28032596e-03
4.29974031e-03
4.31889761e-03
4.33836365e-03
4.35777847e-03
4.37703868e-03
4.39640181e-03
4.41566203e-03
4.43517976e-03
4.45454288e-03
4.47390601e-03
4.49316623e-03
4.51263227e-03
4.53189248e-03
4.55130683e-03
4.57066996e-03
4.59013646e-03
4.60929330e-03
4.62870812e-03
4.64796834e-03
4.66738315e-03
4.68684919e-03
4.70621232e-03
4.72547254e-03
4.74493857e-03
4.76414710e-03
4.78366483e-03
4.80297673e-03
4.82233986e-03
4.84149670e-03
4.86106612e-03
4.88037756e-03
4.89974068e-03
4.91905259e-03
4.93841572e-03
4.95762425e-03
4.97667864e-03
4.99552675e-03
5.01458114e-03
5.03353216e-03
5.05253486e-03
5.07153757e-03
5.09059150e-03
5.10933669e-03
5.12849400e-03
5.14739379e-03
5.16639650e-03
5.18539920e-03
5.20419562e-03
5.22319833e-03
5.24220103e-03
5.26120374e-03
5.28025767e-03
5.29936375e-03
5.31826308e-03
5.33705996e-03
5.35595976e-03
5.37573453e-03
5.39576728e-03
5.41569712e-03
5.43557527e-03
5.45555633e-03
5.47558907e-03
5.49546722e-03
5.51534537e-03
5.53553225e-03
5.55541040e-03
5.57528855e-03
5.59532130e-03
5.61519945e-03
5.63512882e-03
5.65516157e-03
5.67514263e-03
5.69512369e-03
5.71500184e-03
5.73503459e-03
5.75480983e-03
5.77499671e-03
5.79482364e-03
5.81810065e-03
5.86223416e-03
5.90636767e-03
5.95050119e-03
5.99458348e-03
6.03871699e-03
6.08413806e-03
6.13609934e-03
6.18816353e-03
6.24022773e-03
6.29229192e-03
6.34631328e-03
6.41593803e-03
6.48556324e-03
6.55513676e-03
6.62481319e-03
6.69428334e-03
6.76365150e-03
6.83343085e-03
6.90305606e-03
6.97252620e-03
7.04230601e-03
7.11177615e-03
7.18140136e-03
7.25102611e-03
7.32070301e-03
7.39027606e-03
7.47087039e-03
7.57134240e-03
7.67181441e-03
7.77228689e-03
7.87301641e-03
7.97343720e-03
8.07390921e-03
8.17443244e-03
8.27495661e-03
8.37542862e-03
8.40385538e-03
8.43207631e-03
8.46034847e-03
8.48872401e-03
8.51694401e-03
8.54526833e-03
8.57374631e-03
8.60196725e-03
8.63018818e-03
8.65866616e-03
8.68683588e-03
8.71515926e-03
8.74343142e-03
8.77180696e-03
8.80007911e-03
8.82835127e-03
8.85667559e-03
8.88499897e-03
8.91316868e-03
8.94149207e-03
8.96981545e-03
8.99813976e-03
9.02651437e-03
9.05478746e-03
9.08321422e-03
9.11138300e-03
9.13980976e-03
9.16797947e-03
9.19620041e-03
9.22462717e-03
9.25289933e-03
9.28101689e-03
9.30949487e-03
9.33781918e-03
9.36619379e-03
9.39436350e-03
9.42279026e-03
9.45095904e-03
9.47928336e-03
9.50755551e-03
9.53593105e-03
9.56420321e-03
9.59257782e-03
9.62090213e-03
9.64907091e-03
9.67744645e-03
9.70577076e-03
9.73399077e-03
9.76241753e-03
9.79063846e-03
9.81901400e-03
9.84723493e-03
9.87566169e-03
9.90383048e-03
9.93210264e-03
9.96042695e-03
9.98869911e-03
1.00170225e-02
1.00453468e-02
1.00736190e-02
1.01021491e-02
1.01302145e-02
1.01585388e-02
1.01869144e-02
1.02152377e-02
1.02435099e-02
1.02718342e-02
1.03001064e-02
1.03257000e-02
1.02598863e-02
1.01940203e-02
1.01280520e-02
1.00620314e-02
9.99616645e-03
9.93019808e-03
9.86422878e-03
9.79831163e-03
1.00844847e-02
1.04052648e-02
1.07035395e-02
1.09922877e-02
1.12804174e-02
1.15690622e-02
1.18574500e-02
1.21456319e-02
1.24343792e-02
1.27228182e-02
1.30111026e-02
1.32996961e-02
1.35879805e-02
1.38762128e-02
1.41647551e-02
1.44532975e-02
1.47415819e-02
1.50301754e-02
1.53184598e-02
1.56070534e-02
1.58953890e-02
1.61836743e-02
1.64724737e-02
1.67606026e-02
1.70488879e-02
1.73374806e-02
1.76260229e-02
1.79142561e-02
1.82028487e-02
1.84912365e-02
1.87795218e-02
1.90681145e-02
1.93563476e-02
1.96448900e-02
1.99332256e-02
2.02216133e-02
2.05102060e-02
2.07985435e-02
2.10869312e-02
2.13755239e-02
2.16638595e-02
2.19521951e-02
2.22407375e-02
2.25291252e-02
2.28174608e-02
2.31060032e-02
2.33944431e-02
2.36827265e-02
2.39712689e-02
2.42596045e-02
2.45480947e-02
2.48365346e-02
2.51247156e-02
2.54134629e-02
2.57016961e-02
2.59900838e-02
2.62785740e-02
2.65669618e-02
2.68553495e-02
2.71437392e-02
2.74319202e-02
2.77203601e-02
2.80087981e-02
2.82971859e-02
2.85856761e-02
2.88738068e-02
2.91620903e-02
2.94505302e-02
2.97389682e-02
3.00273560e-02
3.03156916e-02
3.06041315e-02
3.08924150e-02
3.11809070e-02
3.14690880e-02
3.17575783e-02
3.20459157e-02
3.23342495e-02
3.26228440e-02
3.29112299e-02
3.31992581e-02
3.34879048e-02
3.37762386e-02
3.40645239e-02
3.43530662e-02
3.46411429e-02
3.49295847e-02
3.52181755e-02
3.55063565e-02
3.57946940e-02
3.61006930e-02
3.64087038e-02
3.67164016e-02
3.70243564e-02
3.73322628e-02
3.76402698e-02
3.79481241e-02
3.82557735e-02
3.85639332e-02
3.88717353e-02
3.91795896e-02
3.94876003e-02
3.97955030e-02
4.01032045e-02
4.04112637e-02
4.07189615e-02
4.10268158e-02
4.13348228e-02
4.16647196e-02
4.19992991e-02
4.23336737e-02
4.26679477e-02
4.30023745e-02
4.33368497e-02
4.36710715e-02
4.40054983e-02
4.43396680e-02
4.46740426e-02
4.50085215e-02
4.53428440e-02
4.56770137e-02
4.61995080e-02
4.68846336e-02
4.75701205e-02
4.82554547e-02
4.89402190e-02
4.96263765e-02
5.03112972e-02
5.09964749e-02
5.16820624e-02
5.23672402e-02
5.30524179e-02
5.37381656e-02
5.44233918e-02
5.51082604e-02
5.57942651e-02
5.64792342e-02
5.71648777e-02
5.78500554e-02
5.85353337e-02
5.92207201e-02
5.99058978e-02
6.05911762e-02
6.12766147e-02
6.19620979e-02
6.26471713e-02
6.33328184e-02
6.40180483e-02
6.47029132e-02
6.53888136e-02
6.60736784e-02
6.67592213e-02
6.74449131e-02
6.81299120e-02
6.88158572e-02
6.95006996e-02
7.01856762e-02
7.08713904e-02
7.15566501e-02
7.22418502e-02
7.29273409e-02
7.36127496e-02
7.42976964e-02
7.49832094e-02
7.56699294e-02
7.63645843e-02
7.70595968e-02
7.77540430e-02
7.84493163e-02
7.91436881e-02
7.98384175e-02
8.05334300e-02
8.12277198e-02
8.19226056e-02
8.26175436e-02
8.33125859e-02
8.40069577e-02
8.47022533e-02
8.53966251e-02
8.60912204e-02
8.67864713e-02
8.74812007e-02
8.81760567e-02
8.88704285e-02
8.95653665e-02
9.02601704e-02
9.09548253e-02
9.16491970e-02
9.23446491e-02
9.30391476e-02
9.37335193e-02
9.44285840e-02
9.54006314e-02
9.67305824e-02
9.80608463e-02
9.93910357e-02
1.00720480e-01
1.02051228e-01
1.03380926e-01
1.04711525e-01
1.06041357e-01
1.07370771e-01
1.08701371e-01
1.10030912e-01
1.11360818e-01
1.12691596e-01
1.14021242e-01
1.15350761e-01
1.16681464e-01
1.18011184e-01
1.19340524e-01
1.20671816e-01
1.22000821e-01
1.23332039e-01
1.24661401e-01
1.25991493e-01
1.27321810e-01
1.28651395e-01
1.29981220e-01
1.31311744e-01
1.32641375e-01
1.33971319e-01
1.35301769e-01
1.36631489e-01
1.37960747e-01
1.39291868e-01
1.40621662e-01
1.41952217e-01
1.43281728e-01
1.44611716e-01
1.45942286e-01
1.47308081e-01
1.48888245e-01
1.50470182e-01
1.52050853e-01
1.53631479e-01
1.55212909e-01
1.56793773e-01
1.58374310e-01
1.59955814e-01
1.61536768e-01
1.63117543e-01
1.64698988e-01
1.66337460e-01
1.67988643e-01
1.69639632e-01
1.71290442e-01
1.72942564e-01
1.74593046e-01
1.76243335e-01
1.77895769e-01
1.79546282e-01
1.81197092e-01
1.82848856e-01
1.84499547e-01
1.86149806e-01
1.87801838e-01
1.89452186e-01
1.91104829e-01
1.92755073e-01
1.94406316e-01
1.96058318e-01
1.97708979e-01
1.99359223e-01
2.01011315e-01
2.02661589e-01
2.04312503e-01
2.05964327e-01
2.07614541e-01
2.09266111e-01
2.10917637e-01
2.12568521e-01
2.14220449e-01
2.15870485e-01
2.17521474e-01
2.19173253e-01
2.20824435e-01
2.22474650e-01
2.24126652e-01
2.25777671e-01
2.27428138e-01
2.29079753e-01
2.30731308e-01
2.32381403e-01
2.34033331e-01
2.35683858e-01
2.37334773e-01
2.38986611e-01
2.40637109e-01
2.43160769e-01
2.45872021e-01
2.48581037e-01
2.51295120e-01
2.54005671e-01
2.56716937e-01
2.59429932e-01
2.62139529e-01
2.64850348e-01
2.67561704e-01
2.70270437e-01
2.72977650e-01
2.75687367e-01
2.78394341e-01
2.81103998e-01
2.83810973e-01
2.86519200e-01
2.89227545e-01
2.91935265e-01
2.94642508e-01
2.97352940e-01
3.00059706e-01
3.02766800e-01
3.05476934e-01
3.08183789e-01
3.10891092e-01
3.13601494e-01
3.16307932e-01
3.19017708e-01
3.21725130e-01
3.24432194e-01
3.27142298e-01
3.29849362e-01
3.32556486e-01
3.35265070e-01
3.37973833e-01
3.40680659e-01
3.43390137e-01
3.46097827e-01
3.48804802e-01
3.51514548e-01
3.54221940e-01
3.56929749e-01
3.59677225e-01
3.62940401e-01
3.66205573e-01
3.69469464e-01
3.72733712e-01
3.75999212e-01
3.79263550e-01
3.82526159e-01
3.85792524e-01
3.89056236e-01
3.92321765e-01
3.95587683e-01
3.98851186e-01
4.02114064e-01
4.05379951e-01
4.08644497e-01
4.11909729e-01
4.15173233e-01
4.18435842e-01
4.21703458e-01
4.24966931e-01
4.28230613e-01
4.31496382e-01
4.34759378e-01
4.38023925e-01
4.41290289e-01
4.44552988e-01
4.47817475e-01
4.51082379e-01
4.54346925e-01
4.57612962e-01
4.60876018e-01
4.64140356e-01
4.67406094e-01
4.70669389e-01
4.73932713e-01
4.77200598e-01
4.80463237e-01
4.83985186e-01
4.88467038e-01
4.92945880e-01
4.97427315e-01
5.01908898e-01
5.06372571e-01
5.10796130e-01
5.15214741e-01
5.19636035e-01
5.24057865e-01
5.28476059e-01
5.32894373e-01
5.37319124e-01
5.41738093e-01
5.46158135e-01
5.50580204e-01
5.54999650e-01
5.59418678e-01
5.63840628e-01
5.68260729e-01
5.72678983e-01
5.77100992e-01
5.81521451e-01
5.85944772e-01
5.90363085e-01
5.94782293e-01
5.99205732e-01
6.03625000e-01
6.08044326e-01
6.12465799e-01
6.16886675e-01
6.21305287e-01
6.25801861e-01
6.30526304e-01
6.35251105e-01
6.39978528e-01
6.44701898e-01
6.49431348e-01
6.54154897e-01
6.58878386e-01
6.63606524e-01
6.68331861e-01
6.73054159e-01
6.77781165e-01
6.82507932e-01
6.87230706e-01
6.91958308e-01
6.96683824e-01
7.01407433e-01
7.06134975e-01
7.10857332e-01
7.15585947e-01
7.20311522e-01
7.25034952e-01
7.29763210e-01
7.34487176e-01
7.39209414e-01
7.43938386e-01
7.48663008e-01
7.53386080e-01
7.58115709e-01
7.62838602e-01
7.67563522e-01
7.72291183e-01
7.77016401e-01
7.81739414e-01
7.86467373e-01
7.91191816e-01
7.96002388e-01
8.02011609e-01
8.08025897e-01
8.14041853e-01
8.20053637e-01
8.26064587e-01
8.32080603e-01
8.38091552e-01
8.44104528e-01
8.50120306e-01
8.56131434e-01
8.62142444e-01
8.68159652e-01
8.74170780e-01
8.80187154e-01
8.86199713e-01
8.92211080e-01
8.98226798e-01
9.04236794e-01
9.10249054e-01
9.16264415e-01
9.22276616e-01
9.28290188e-01
9.34305012e-01
9.40314591e-01
9.46328521e-01
9.52343345e-01
9.58359003e-01
9.64372218e-01
9.70383227e-01
9.76394475e-01
9.82411325e-01
9.88424838e-01
9.94437218e-01
1.00045216e+00
1.00646436e+00
1.01247418e+00
1.01849031e+00
1.02450228e+00
1.03051341e+00
1.03652918e+00
1.04254210e+00
1.04855359e+00
1.05457127e+00
1.06057966e+00
1.06659698e+00
1.07260799e+00
1.07886100e+00
1.08597016e+00
1.09303701e+00
1.10006809e+00
1.10710347e+00
1.11413801e+00
1.12116659e+00
1.12820208e+00
1.13523412e+00
1.14224315e+00
1.14907074e+00
1.15589225e+00
1.16271734e+00
1.16954255e+00
1.17636335e+00
1.18318915e+00
1.19001055e+00
1.19683325e+00
1.20365679e+00
1.21047974e+00
1.21730042e+00
1.22412860e+00
1.23094821e+00
1.23777270e+00
1.24459875e+00
1.25141931e+00
1.25824404e+00
1.26506662e+00
1.27188885e+00
1.28008401e+00
1.28828394e+00
1.29648066e+00
1.30467534e+00
1.31287134e+00
1.32106388e+00
1.32925999e+00
1.33745861e+00
1.34565544e+00
1.35385227e+00
1.36205041e+00
1.37024128e+00
1.37843776e+00
1.38663197e+00
1.39483047e+00
1.40302944e+00
1.41122472e+00
1.41942132e+00
1.42761242e+00
1.43581080e+00
1.44398820e+00
1.45215511e+00
1.46037519e+00
1.47039711e+00
1.48041737e+00
1.49043226e+00
1.50045383e+00
1.51047444e+00
1.52049732e+00
1.53051686e+00
1.54054189e+00
1.55056143e+00
1.56057596e+00
1.57059610e+00
1.58061862e+00
1.59063971e+00
1.60065925e+00
1.61068320e+00
1.62070191e+00
1.63071740e+00
1.64074135e+00
1.65075982e+00
1.66078186e+00
1.67080224e+00
1.68082452e+00
1.69084704e+00
1.70085979e+00
1.71088552e+00
1.72090197e+00
1.73092628e+00
1.74094892e+00
1.75096631e+00
1.76098633e+00
1.77100611e+00
1.78102517e+00
1.79104602e+00
1.80106699e+00
1.81108809e+00
1.82110810e+00
1.83113182e+00
1.84114671e+00
1.85116422e+00
1.86118555e+00
1.87121046e+00
1.88123047e+00
1.89125180e+00
1.90127265e+00
1.91128850e+00
1.92130911e+00
1.93133128e+00
1.94135082e+00
1.95137501e+00
1.96139383e+00
1.97141469e+00
1.98143113e+00
1.99145174e+00
2.00147319e+00
2.01149487e+00
2.02151704e+00
2.03153563e+00
2.04212475e+00
2.05304337e+00
2.06396818e+00
2.07489133e+00
2.08581924e+00
2.09674406e+00
2.10766816e+00
2.11858535e+00
2.12951303e+00
2.14043760e+00
2.15136337e+00
2.16228771e+00
2.17321134e+00
2.18413615e+00
2.19505572e+00
2.20598364e+00
2.21690869e+00
2.22783399e+00
2.23875761e+00
2.24968386e+00
2.26060867e+00
2.27152419e+00
2.28245234e+00
2.29337692e+00
2.30430269e+00
2.31522489e+00
2.32615423e+00
2.33707809e+00
2.34799814e+00
2.35892296e+00
2.36984634e+00
2.38077068e+00
2.39169645e+00
2.40262008e+00
2.41420221e+00
2.42587519e+00
2.43756056e+00
2.44924212e+00
2.46092486e+00
2.47260904e+00
2.48429203e+00
2.49597192e+00
2.50764942e+00
2.51932979e+00
2.53101206e+00
2.54269457e+00
2.55437541e+00
2.56606317e+00
2.57774138e+00
2.58941793e+00
2.60109997e+00
2.61278296e+00
2.62446570e+00
2.63614440e+00
2.64783168e+00
2.65951324e+00
2.67118502e+00
2.68287015e+00
2.69455218e+00
2.70623779e+00
2.71792006e+00
2.72960067e+00
2.74128199e+00
2.75295782e+00
2.76464033e+00
2.77632213e+00
2.78845811e+00
2.80074739e+00
2.81303573e+00
2.82532597e+00
2.83760858e+00
2.84989548e+00
2.86218882e+00
2.87447357e+00
2.88677001e+00
2.89905834e+00
2.91134334e+00
2.92362714e+00
2.93591619e+00
2.94820786e+00
2.96049237e+00
2.97278428e+00
2.98507595e+00
2.99735737e+00
3.00964761e+00
3.02193499e+00
3.03422189e+00
3.04651117e+00
3.05880141e+00
3.07109308e+00
3.08337164e+00
3.09565949e+00
3.10795045e+00
3.12023997e+00
3.13253188e+00
3.14482260e+00
3.15710902e+00
3.16939187e+00
3.18168330e+00
3.19396996e+00
3.20626116e+00
3.21855092e+00
3.23083854e+00
3.24312425e+00
3.25540924e+00
3.26769710e+00
3.27998638e+00
3.29227710e+00
3.30456686e+00
3.31685734e+00
3.32914591e+00
3.34142995e+00
3.35371614e+00
3.36600780e+00
3.37829518e+00
3.39058733e+00
3.40287280e+00
3.41516447e+00
3.42744756e+00
3.43973541e+00
3.45202518e+00
3.46431398e+00
3.47660422e+00
3.48888993e+00
3.50118065e+00
3.51346183e+00
3.52575541e+00
3.53803921e+00
3.55033922e+00
3.56262088e+00
3.57491231e+00
3.58720207e+00
3.59948206e+00
3.61177492e+00
3.62406349e+00
3.63635206e+00
3.64863729e+00
3.66092753e+00
3.67321897e+00
3.68550062e+00
3.69779062e+00
3.71008158e+00
3.72236729e+00
3.73465753e+00
3.74694872e+00
3.75923634e+00
3.77151918e+00
3.78381038e+00
3.79609847e+00
3.80839157e+00
3.82067537e+00
3.83296633e+00
3.84525657e+00
3.85753870e+00
3.86972499e+00
3.88185167e+00
3.89398146e+00
3.90607095e+00
3.91806006e+00
3.93004131e+00
3.94203377e+00
3.95402312e+00
3.96547556e+00
3.97550225e+00
3.98470736e+00
3.99351716e+00
4.00163746e+00
4.00975323e+00
4.01786995e+00
4.02598763e+00
4.03410292e+00
4.04222107e+00
4.05033684e+00
4.05845022e+00
4.06656790e+00
4.07468462e+00
4.08279800e+00
4.09091520e+00
4.09903383e+00
4.10714960e+00
4.11525917e+00
4.12337828e+00
4.13149643e+00
4.13961363e+00
4.14772892e+00
4.15584564e+00
4.16396332e+00
4.17187119e+00
4.17939138e+00
4.18691111e+00
4.19443035e+00
4.20180464e+00
4.20903015e+00
4.21625805e+00
4.22339106e+00
4.23004627e+00
4.23670387e+00
4.24335909e+00
4.25001431e+00
4.25667095e+00
4.26332712e+00
4.26997900e+00
4.27663374e+00
4.28329086e+00
4.28994703e+00
4.29660130e+00
4.30325794e+00
4.30991316e+00
4.31656408e+00
4.32322121e+00
4.32987547e+00
4.33653212e+00
4.34317780e+00
4.34960508e+00
4.35603189e+00
4.36245680e+00
4.36888409e+00
4.37531090e+00
4.38173914e+00
4.38809013e+00
4.39436293e+00
4.40063334e+00
4.40690136e+00
4.41317368e+00
4.41944695e+00
4.42571974e+00
4.43199015e+00
4.43826437e+00
4.44453430e+00
4.45080566e+00
4.45707464e+00
4.46313858e+00
4.46912527e+00
4.47492075e+00
4.48071003e+00
4.48649931e+00
4.49229002e+00
4.49808168e+00
4.50387192e+00
4.50966454e+00
4.51545668e+00
4.52124596e+00
4.52703381e+00
4.53282356e+00
4.53861523e+00
4.54440689e+00
4.55019665e+00
4.55598736e+00
4.56177807e+00
4.56756735e+00
4.57335758e+00
4.57914782e+00
4.58493996e+00
4.59072924e+00
4.59638834e+00
4.60194683e+00
4.60750341e+00
4.61283016e+00
4.61808491e+00
4.62333918e+00
4.62859488e+00
4.63384914e+00
4.63910484e+00
4.64435625e+00
4.64961243e+00
4.65486670e+00
4.66012192e+00
4.66522121e+00
4.67024183e+00
4.67522001e+00
4.68013573e+00
4.68498230e+00
4.68982601e+00
4.69466972e+00
4.69951630e+00
4.70435953e+00
4.70920515e+00
4.71404600e+00
4.71882582e+00
4.72355413e+00
4.72824001e+00
4.73290157e+00
4.73756313e+00
4.74222422e+00
4.74688530e+00
4.75154638e+00
4.75620842e+00
4.76087046e+00
4.76553106e+00
4.77019501e+00
4.77485466e+00
4.77951622e+00
4.78417683e+00
4.78883886e+00
4.79350090e+00
4.79816484e+00
4.80282450e+00
4.80748701e+00
4.81214666e+00
4.81680822e+00
4.82146978e+00
4.82613182e+00
4.83079386e+00
4.83545589e+00
4.84011793e+00
4.84477711e+00
4.84944105e+00
4.85410070e+00
4.85876179e+00
4.86342335e+00
4.86808681e+00
4.87274408e+00
4.87731886e+00
4.88178635e+00
4.88623905e+00
4.89069080e+00
4.89514303e+00
4.89933920e+00
4.90332317e+00
4.90731049e+00
4.91129732e+00
4.91509342e+00
4.91881704e+00
4.92254019e+00
4.92626429e+00
4.92998552e+00
4.93371105e+00
4.93743420e+00
4.94115734e+00
4.94485044e+00
4.94852591e+00
4.95220184e+00
4.95587730e+00
4.95955372e+00
4.96322966e+00
4.96690702e+00
4.97058344e+00
4.97425985e+00
4.97793627e+00
4.98161030e+00
4.98528862e+00
4.98896503e+00
4.99264097e+00
4.99631739e+00
4.99999475e+00
5.00367117e+00
5.00734520e+00
5.01102257e+00
5.01469851e+00
5.01837492e+00
5.02205133e+00
5.02572870e+00
5.02937794e+00
5.03296900e+00
5.03656244e+00
5.04015398e+00
5.04374743e+00
5.04733896e+00
5.05093288e+00
5.05452394e+00
5.05811453e+00
5.06170845e+00
5.06529903e+00
5.06889200e+00
5.07248449e+00
5.07607698e+00
5.07966900e+00
5.08325958e+00
5.08685160e+00
5.09044504e+00
5.09403706e+00
5.09762907e+00
5.10122299e+00
5.10481453e+00
5.10834217e+00
5.11173153e+00
5.11512136e+00
5.11851072e+00
5.12190008e+00
5.12528944e+00
5.12868023e+00
5.13206816e+00
5.13545799e+00
5.13884640e+00
5.14223623e+00
5.14562654e+00
5.14901590e+00
5.15240431e+00
5.15579271e+00
5.15918207e+00
5.16257286e+00
5.16596222e+00
5.16935301e+00
5.17274284e+00
5.17612362e+00
5.17945480e+00
5.18278980e+00
5.18612242e+00
5.18945551e+00
5.19278908e+00
5.19612217e+00
5.19945431e+00
5.20278740e+00
5.20612049e+00
5.20945311e+00
5.21278858e+00
5.21612072e+00
5.21945524e+00
5.22278547e+00
5.22611856e+00
5.22945166e+00
5.23278427e+00
5.23611879e+00
5.23945236e+00
5.24278498e+00
5.24611807e+00
5.24945116e+00
5.25278378e+00
5.25611687e+00
